0.842902 0.976913 0.814650
0.837990 0.973241 0.808843
0.833079 0.969582 0.803053
0.828170 0.965937 0.797280
0.823259 0.962307 0.791518
0.818349 0.958690 0.785772
0.813440 0.955087 0.780043
0.808529 0.951498 0.774326
0.803617 0.947922 0.768625
0.798706 0.944360 0.762942
0.793793 0.940811 0.757271
0.788877 0.937276 0.751616
0.783962 0.933753 0.745978
0.779044 0.930244 0.740356
0.774123 0.926748 0.734747
0.769201 0.923264 0.729156
0.764277 0.919793 0.723582
0.759348 0.916336 0.718021
0.754416 0.912891 0.712477
0.749482 0.909459 0.706951
0.744545 0.906039 0.701441
0.739601 0.902632 0.695945
0.734655 0.899237 0.690468
0.729704 0.895854 0.685007
0.724749 0.892483 0.679564
0.719787 0.889125 0.674135
0.714821 0.885778 0.668725
0.709849 0.882443 0.663332
0.704872 0.879120 0.657957
0.699886 0.875810 0.652597
0.694894 0.872511 0.647255
0.689896 0.869223 0.641932
0.684891 0.865947 0.636627
0.679877 0.862683 0.631338
0.674854 0.859430 0.626067
0.669824 0.856188 0.620815
0.664785 0.852957 0.615581
0.659737 0.849738 0.610367
0.654678 0.846529 0.605169
0.649608 0.843333 0.599990
0.644528 0.840146 0.594830
0.639438 0.836971 0.589690
0.634336 0.833806 0.584569
0.629222 0.830652 0.579468
0.624095 0.827509 0.574386
0.618954 0.824377 0.569322
0.613799 0.821255 0.564279
0.608631 0.818144 0.559256
0.603448 0.815043 0.554254
0.598249 0.811952 0.549273
0.593035 0.808871 0.544313
0.587804 0.805801 0.539375
0.582556 0.802741 0.534458
0.577288 0.799691 0.529562
0.572001 0.796651 0.524687
0.566694 0.793622 0.519836
0.561367 0.790602 0.515007
0.556019 0.787592 0.510202
0.550648 0.784591 0.505420
0.545254 0.781601 0.500662
0.539836 0.778620 0.495929
0.534392 0.775649 0.491220
0.528923 0.772687 0.486537
0.523425 0.769735 0.481881
0.517899 0.766792 0.477250
0.512344 0.763859 0.472647
0.506757 0.760934 0.468072
0.501137 0.758020 0.463525
0.495484 0.755114 0.459008
0.489795 0.752217 0.454521
0.484068 0.749330 0.450064
0.478301 0.746452 0.445638
0.472494 0.743583 0.441245
0.466645 0.740723 0.436887
0.460751 0.737872 0.432564
0.454812 0.735029 0.428277
0.448825 0.732194 0.424029
0.442782 0.729369 0.419817
0.436686 0.726553 0.415647
0.430536 0.723744 0.411520
0.424329 0.720943 0.407437
0.418053 0.718152 0.403398
0.411715 0.715368 0.399409
0.405312 0.712591 0.395470
0.398831 0.709823 0.391584
0.392277 0.707062 0.387753
0.385645 0.704307 0.383982
0.378926 0.701561 0.380271
0.372125 0.698820 0.376627
0.365226 0.696086 0.373052
0.358235 0.693357 0.369550
0.351141 0.690634 0.366126
0.343942 0.687915 0.362784
0.336638 0.685200 0.359531
0.329213 0.682488 0.356371
0.321674 0.679778 0.353311
0.314017 0.677069 0.350358
0.306238 0.674358 0.347516
0.298330 0.671646 0.344795
0.290300 0.668929 0.342199
0.282150 0.666206 0.339737
0.273883 0.663474 0.337415
0.265507 0.660729 0.335238
0.257033 0.657971 0.333211
0.248476 0.655194 0.331337
0.239853 0.652396 0.329618
0.231184 0.649573 0.328052
0.222496 0.646723 0.326636
0.213815 0.643841 0.325364
0.205167 0.640927 0.324227
0.196581 0.637979 0.323215
0.188080 0.634994 0.322315
0.179691 0.631972 0.321515
0.171433 0.628914 0.320800
0.163322 0.625821 0.320158
0.155373 0.622692 0.319576
0.147596 0.619531 0.319042
0.139999 0.616337 0.318545
0.132588 0.613114 0.318075
0.125368 0.609863 0.317625
0.118342 0.606585 0.317186
0.111513 0.603284 0.316751
0.104882 0.599960 0.316316
0.098452 0.596615 0.315877
0.092227 0.593251 0.315431
0.086210 0.589870 0.314970
0.080406 0.586472 0.314496
0.074820 0.583059 0.314005
0.069460 0.579633 0.313494
0.064336 0.576193 0.312964
0.059457 0.572743 0.312411
0.054837 0.569282 0.311836
0.050490 0.565811 0.311237
0.046428 0.562331 0.310612
0.042679 0.558843 0.309965
0.039234 0.555348 0.309289
0.036216 0.551846 0.308588
0.033672 0.548338 0.307863
0.031554 0.544825 0.307108
0.029842 0.541307 0.306327
0.028514 0.537784 0.305521
0.027545 0.534257 0.304688
0.026896 0.530727 0.303827
0.026551 0.527193 0.302938
0.026495 0.523657 0.302023
0.026706 0.520119 0.301082
0.027164 0.516578 0.300115
0.027852 0.513035 0.299122
0.028745 0.509492 0.298101
0.029827 0.505947 0.297053
0.031088 0.502402 0.295979
0.032513 0.498856 0.294880
0.034089 0.495310 0.293755
0.035802 0.491763 0.292605
0.037638 0.488217 0.291429
0.039587 0.484671 0.290228
0.041606 0.481126 0.289002
0.043644 0.477581 0.287752
0.045697 0.474037 0.286476
0.047755 0.470495 0.285177
0.049809 0.466953 0.283854
0.051852 0.463413 0.282507
0.053877 0.459875 0.281136
0.055881 0.456338 0.279743
0.057857 0.452803 0.278326
0.059799 0.449270 0.276886
0.061700 0.445740 0.275422
0.063566 0.442212 0.273937
0.065392 0.438686 0.272429
0.067179 0.435162 0.270900
0.068925 0.431641 0.269349
0.070629 0.428122 0.267777
0.072290 0.424606 0.266185
0.073896 0.421093 0.264570
0.075454 0.417583 0.262934
0.076968 0.414076 0.261278
0.078438 0.410571 0.259602
0.079865 0.407069 0.257907
0.081242 0.403571 0.256192
0.082562 0.400076 0.254456
0.083839 0.396585 0.252702
0.085073 0.393096 0.250929
0.086265 0.389610 0.249138
0.087398 0.386129 0.247327
0.088485 0.382650 0.245497
0.089532 0.379175 0.243650
0.090538 0.375702 0.241787
0.091486 0.372235 0.239903
0.092390 0.368770 0.238003
0.093257 0.365308 0.236086
0.094079 0.361850 0.234153
0.094847 0.358396 0.232201
0.095578 0.354945 0.230234
0.096272 0.351496 0.228251
0.096909 0.348053 0.226250
0.097509 0.344613 0.224234
0.098075 0.341175 0.222204
0.098588 0.337742 0.220156
0.099063 0.334312 0.218093
0.099505 0.330884 0.216016
0.099894 0.327461 0.213923
0.100248 0.324041 0.211815
0.100571 0.320623 0.209694
0.100839 0.317211 0.207557
0.101077 0.313800 0.205406
0.101280 0.310393 0.203242
0.101434 0.306990 0.201062
0.101560 0.303588 0.198870
0.101644 0.300191 0.196663
0.101690 0.296796 0.194443
0.101709 0.293403 0.192211
0.101677 0.290015 0.189963
0.101620 0.286629 0.187704
0.101522 0.283246 0.185431
0.101389 0.279865 0.183146
0.101228 0.276486 0.180848
0.101021 0.273112 0.178537
0.100792 0.269738 0.176214
0.100518 0.266368 0.173878
0.100217 0.262999 0.171530
0.099880 0.259633 0.169169
0.099510 0.256269 0.166797
0.099112 0.252906 0.164413
0.098673 0.249546 0.162016
0.098213 0.246186 0.159608
0.097708 0.242830 0.157187
0.097185 0.239474 0.154755
0.096616 0.236121 0.152311
0.096029 0.232767 0.149855
0.095400 0.229416 0.147388
0.094749 0.226065 0.144909
0.094060 0.222716 0.142418
0.093348 0.219366 0.139916
0.092599 0.216018 0.137401
0.091826 0.212669 0.134876
0.091017 0.209322 0.132338
0.090185 0.205973 0.129789
0.089318 0.202626 0.127228
0.088427 0.199277 0.124656
0.087500 0.195929 0.122071
0.086552 0.192579 0.119475
0.085567 0.189229 0.116867
0.084563 0.185876 0.114247
0.083519 0.182525 0.111614
0.082459 0.179169 0.108970
0.081357 0.175814 0.106313
0.080239 0.172455 0.103644
0.079081 0.169095 0.100962
0.077904 0.165731 0.098267
0.076693 0.162366 0.095560
0.075458 0.158996 0.092839
0.074193 0.155623 0.090105
0.072898 0.152247 0.087358
0.071580 0.148866 0.084597
0.070227 0.145481 0.081823
0.068856 0.142089 0.079034
