0.946347 0.929010 0.925753
0.943712 0.924462 0.920670
0.941326 0.919847 0.915424
0.939055 0.915209 0.910109
0.936863 0.910559 0.904747
0.934736 0.905902 0.899350
0.932661 0.901241 0.893924
0.930633 0.896578 0.888475
0.928646 0.891915 0.883004
0.926696 0.887253 0.877515
0.924780 0.882592 0.872010
0.922894 0.877933 0.866490
0.921038 0.873277 0.860957
0.919209 0.868625 0.855411
0.917405 0.863975 0.849855
0.915624 0.859330 0.844288
0.913867 0.854688 0.838712
0.912131 0.850051 0.833127
0.910415 0.845417 0.827534
0.908718 0.840789 0.821933
0.907040 0.836165 0.816326
0.905380 0.831545 0.810711
0.903735 0.826930 0.805091
0.902108 0.822319 0.799464
0.900496 0.817713 0.793832
0.898898 0.813112 0.788196
0.897315 0.808516 0.782554
0.895744 0.803924 0.776909
0.894188 0.799337 0.771258
0.892644 0.794755 0.765605
0.891111 0.790177 0.759948
0.889591 0.785604 0.754288
0.888080 0.781036 0.748625
0.886582 0.776471 0.742959
0.885093 0.771912 0.737291
0.883613 0.767357 0.731622
0.882144 0.762805 0.725949
0.880683 0.758259 0.720276
0.879231 0.753716 0.714600
0.877788 0.749178 0.708924
0.876350 0.744644 0.703247
0.874923 0.740113 0.697568
0.873501 0.735587 0.691890
0.872087 0.731065 0.686211
0.870680 0.726546 0.680531
0.869277 0.722031 0.674854
0.867883 0.717519 0.669174
0.866493 0.713011 0.663495
0.865107 0.708507 0.657819
0.863729 0.704005 0.652141
0.862353 0.699507 0.646466
0.860983 0.695012 0.640792
0.859618 0.690519 0.635118
0.858254 0.686030 0.629449
0.856897 0.681543 0.623779
0.855543 0.677059 0.618112
0.854189 0.672579 0.612449
0.852842 0.668099 0.606785
0.851496 0.663623 0.601126
0.850150 0.659149 0.595471
0.848811 0.654676 0.589816
0.847471 0.650206 0.584167
0.846131 0.645738 0.578522
0.844797 0.641271 0.572878
0.843461 0.636806 0.567241
0.842126 0.632343 0.561608
0.840794 0.627879 0.555977
0.839461 0.623418 0.550353
0.838127 0.618959 0.544735
0.836797 0.614499 0.539118
0.835465 0.610041 0.533510
0.834130 0.605584 0.527909
0.832799 0.601125 0.522309
0.831466 0.596668 0.516718
0.830129 0.592213 0.511135
0.828795 0.587755 0.505555
0.827459 0.583298 0.499984
0.826119 0.578841 0.494422
0.824779 0.574384 0.488866
0.823438 0.569925 0.483316
0.822094 0.565466 0.477776
0.820744 0.561007 0.472247
0.819398 0.556544 0.466722
0.818047 0.552081 0.461207
0.816692 0.547618 0.455704
0.815333 0.543153 0.450211
0.813974 0.538684 0.444724
0.812611 0.534214 0.439249
0.811242 0.529742 0.433787
0.809869 0.525268 0.428336
0.808496 0.520789 0.422893
0.807117 0.516308 0.417463
0.805732 0.511825 0.412047
0.804341 0.507339 0.406646
0.802950 0.502847 0.401254
0.801553 0.498351 0.395875
0.800150 0.493852 0.390512
0.798741 0.489349 0.385165
0.797325 0.484842 0.379835
0.795908 0.480328 0.374516
0.794484 0.475808 0.369213
0.793053 0.471284 0.363929
0.791616 0.466754 0.358662
0.790172 0.462218 0.353414
0.788720 0.457677 0.348186
0.787264 0.453127 0.342975
0.785802 0.448569 0.337783
0.784332 0.444004 0.332613
0.782854 0.439432 0.327464
0.781369 0.434851 0.322339
0.779876 0.430262 0.317237
0.778375 0.425665 0.312160
0.776865 0.421057 0.307109
0.775347 0.416440 0.302084
0.773821 0.411813 0.297086
0.772286 0.407175 0.292117
0.770742 0.402526 0.287179
0.769189 0.397865 0.282271
0.767626 0.393192 0.277396
0.766054 0.388506 0.272555
0.764472 0.383807 0.267750
0.762879 0.379094 0.262982
0.761276 0.374367 0.258253
0.759662 0.369626 0.253567
0.758036 0.364869 0.248923
0.756398 0.360097 0.244326
0.754748 0.355308 0.239776
0.753084 0.350503 0.235278
0.751406 0.345682 0.230834
0.749714 0.340843 0.226446
0.748009 0.335984 0.222117
0.746290 0.331106 0.217849
0.744555 0.326209 0.213649
0.742801 0.321293 0.209519
0.741029 0.316359 0.205465
0.739242 0.311400 0.201486
0.737434 0.306422 0.197592
0.735604 0.301426 0.193786
0.733755 0.296406 0.190072
0.731881 0.291365 0.186456
0.729981 0.286307 0.182945
0.728059 0.281224 0.179542
0.726106 0.276124 0.176255
0.724125 0.271004 0.173088
0.722111 0.265867 0.170048
0.720064 0.260712 0.167141
0.717980 0.255543 0.164373
0.715859 0.250359 0.161749
0.713695 0.245166 0.159275
0.711489 0.239961 0.156956
0.709237 0.234752 0.154794
0.706935 0.229540 0.152795
0.704583 0.224327 0.150961
0.702176 0.219119 0.149293
0.699713 0.213918 0.147792
0.697191 0.208729 0.146458
0.694608 0.203555 0.145289
0.691962 0.198402 0.144282
0.689250 0.193273 0.143435
0.686473 0.188172 0.142742
0.683628 0.183104 0.142197
0.680714 0.178073 0.141794
0.677731 0.173083 0.141527
0.674678 0.168136 0.141387
0.671556 0.163238 0.141368
0.668364 0.158391 0.141460
0.665102 0.153599 0.141656
0.661772 0.148865 0.141947
0.658372 0.144193 0.142325
0.654905 0.139585 0.142783
0.651370 0.135047 0.143313
0.647769 0.130580 0.143907
0.644101 0.126189 0.144558
0.640369 0.121878 0.145259
0.636572 0.117651 0.146004
0.632712 0.113512 0.146786
0.628788 0.109468 0.147599
0.624802 0.105523 0.148436
0.620755 0.101683 0.149293
0.616646 0.097954 0.150164
0.612477 0.094343 0.151042
0.608248 0.090857 0.151922
0.603959 0.087503 0.152801
0.599612 0.084289 0.153670
0.595208 0.081222 0.154525
0.590746 0.078310 0.155362
0.586228 0.075559 0.156175
0.581654 0.072977 0.156957
0.577027 0.070569 0.157705
0.572347 0.068340 0.158412
0.567615 0.066294 0.159074
0.562834 0.064433 0.159687
0.558005 0.062756 0.160241
0.553130 0.061265 0.160738
0.548212 0.059952 0.161169
0.543252 0.058815 0.161532
0.538254 0.057845 0.161822
0.533219 0.057037 0.162038
0.528151 0.056374 0.162174
0.523052 0.055854 0.162233
0.517927 0.055452 0.162205
0.512776 0.055169 0.162097
0.507603 0.054983 0.161903
0.502412 0.054882 0.161624
0.497203 0.054860 0.161262
0.491980 0.054899 0.160816
0.486747 0.054983 0.160284
0.481504 0.055111 0.159672
0.476252 0.055271 0.158980
0.470994 0.055454 0.158211
0.465736 0.055641 0.157361
0.460476 0.055835 0.156436
0.455215 0.056029 0.155440
0.449955 0.056216 0.154372
0.444697 0.056392 0.153237
0.439443 0.056552 0.152035
0.434193 0.056692 0.150770
0.428949 0.056808 0.149442
0.423711 0.056897 0.148055
0.418480 0.056958 0.146611
0.413256 0.056988 0.145112
0.408040 0.056987 0.143559
0.402832 0.056952 0.141956
0.397632 0.056885 0.140303
0.392441 0.056783 0.138604
0.387262 0.056639 0.136857
0.382093 0.056455 0.135066
0.376933 0.056237 0.133233
0.371782 0.055983 0.131360
0.366639 0.055696 0.129448
0.361506 0.055369 0.127499
0.356388 0.054995 0.125511
0.351278 0.054588 0.123488
0.346174 0.054148 0.121433
0.341081 0.053671 0.119346
0.336003 0.053145 0.117224
0.330930 0.052589 0.115074
0.325864 0.052004 0.112894
0.320813 0.051367 0.110684
0.315770 0.050698 0.108447
0.310730 0.050003 0.106185
0.305706 0.049256 0.103894
0.300688 0.048479 0.101579
0.295673 0.047677 0.099240
0.290675 0.046819 0.096875
0.285678 0.045938 0.094488
0.280689 0.045021 0.092078
0.275710 0.044062 0.089645
0.270731 0.043082 0.087192
0.265767 0.042049 0.084716
0.260803 0.040993 0.082219
0.255845 0.039892 0.079703
0.250894 0.038760 0.077166
0.245943 0.037621 0.074609
0.241002 0.036457 0.072032
0.236056 0.035297 0.069437
