0.093176 0.111173 0.261512
0.096972 0.116870 0.273096
0.100969 0.122393 0.284910
0.104993 0.127824 0.296874
0.108987 0.133194 0.308954
0.112922 0.138513 0.321153
0.116779 0.143791 0.333476
0.120546 0.149033 0.345919
0.124216 0.154245 0.358482
0.127778 0.159429 0.371174
0.131224 0.164590 0.383994
0.134549 0.169731 0.396940
0.137744 0.174855 0.410013
0.140800 0.179966 0.423217
0.143707 0.185067 0.436550
0.146456 0.190162 0.450013
0.149035 0.195254 0.463604
0.151431 0.200349 0.477319
0.153627 0.205450 0.491162
0.155607 0.210564 0.505124
0.157353 0.215696 0.519198
0.158841 0.220854 0.533378
0.160040 0.226045 0.547663
0.160921 0.231279 0.562031
0.161446 0.236569 0.576466
0.161569 0.241927 0.590947
0.161235 0.247371 0.605445
0.160379 0.252921 0.619918
0.158917 0.258602 0.634318
0.156739 0.264444 0.648583
0.153742 0.270488 0.662594
0.149754 0.276777 0.676243
0.144619 0.283370 0.689330
0.138151 0.290329 0.701617
0.130194 0.297714 0.712793
0.120706 0.305562 0.722510
0.109823 0.313865 0.730469
0.097958 0.322543 0.736527
0.085700 0.331466 0.740772
0.073677 0.340497 0.743469
0.062522 0.349520 0.744956
0.052833 0.358460 0.745545
0.045209 0.367275 0.745489
0.040236 0.375942 0.744984
0.038316 0.384454 0.744175
0.039483 0.392814 0.743158
0.043458 0.401024 0.742024
0.049624 0.409095 0.740817
0.057398 0.417035 0.739588
0.066260 0.424852 0.738365
0.075828 0.432557 0.737170
0.085837 0.440158 0.736021
0.096110 0.447664 0.734931
0.106530 0.455080 0.733912
0.117022 0.462416 0.732969
0.127536 0.469677 0.732107
0.138043 0.476869 0.731330
0.148527 0.483997 0.730637
0.158977 0.491067 0.730032
0.169393 0.498082 0.729514
0.179774 0.505046 0.729082
0.190125 0.511963 0.728736
0.200454 0.518834 0.728474
0.210767 0.525664 0.728293
0.221076 0.532453 0.728193
0.231391 0.539203 0.728170
0.241725 0.545914 0.728223
0.252089 0.552588 0.728348
0.262497 0.559225 0.728543
0.272964 0.565823 0.728807
0.283504 0.572383 0.729137
0.294131 0.578902 0.729531
0.304862 0.585380 0.729990
0.315709 0.591813 0.730513
0.326687 0.598200 0.731101
0.337808 0.604539 0.731755
0.349082 0.610825 0.732480
0.360517 0.617058 0.733279
0.372116 0.623234 0.734161
0.383880 0.629353 0.735134
0.395803 0.635413 0.736206
0.407876 0.641416 0.737388
0.420083 0.647362 0.738693
0.432407 0.653255 0.740129
0.444827 0.659098 0.741707
0.457321 0.664897 0.743434
0.469866 0.670658 0.745315
0.482439 0.676387 0.747357
0.495021 0.682091 0.749559
0.507592 0.687776 0.751922
0.520140 0.693449 0.754444
0.532651 0.699115 0.757121
0.545115 0.704782 0.759949
0.557518 0.710454 0.762929
0.569864 0.716137 0.766049
0.582149 0.721832 0.769302
0.594360 0.727548 0.772692
0.606508 0.733284 0.776204
0.618586 0.739047 0.779838
0.630596 0.744837 0.783589
0.642540 0.750659 0.787451
0.654419 0.756514 0.791420
0.666232 0.762405 0.795494
0.677985 0.768333 0.799666
0.689676 0.774302 0.803936
0.701311 0.780313 0.808298
0.712889 0.786367 0.812750
0.724411 0.792467 0.817291
0.735884 0.798613 0.821916
0.747304 0.804808 0.826624
0.758676 0.811054 0.831414
0.770001 0.817352 0.836282
0.781279 0.823703 0.841227
0.792512 0.830110 0.846247
0.803700 0.836573 0.851341
0.814843 0.843096 0.856508
0.825942 0.849679 0.861747
0.836997 0.856326 0.867054
0.848004 0.863038 0.872432
0.858963 0.869818 0.877877
0.869872 0.876668 0.883388
0.880723 0.883594 0.888969
0.891513 0.890598 0.894616
0.902232 0.897685 0.900330
0.912863 0.904865 0.906120
0.923391 0.912143 0.911987
0.933769 0.919539 0.917960
0.943877 0.927091 0.924148
0.945024 0.926727 0.923202
0.940177 0.917501 0.912735
0.935779 0.908185 0.901996
0.931620 0.898846 0.891125
0.927637 0.889502 0.880163
0.923796 0.880162 0.869131
0.920077 0.870832 0.858043
0.916462 0.861516 0.846908
0.912941 0.852215 0.835734
0.909503 0.842931 0.824525
0.906141 0.833664 0.813287
0.902848 0.824416 0.802023
0.899618 0.815187 0.790738
0.896446 0.805977 0.779432
0.893328 0.796785 0.768110
0.890259 0.787613 0.756774
0.887234 0.778458 0.745426
0.884252 0.769321 0.734067
0.881308 0.760202 0.722701
0.878399 0.751100 0.711328
0.875522 0.742014 0.699951
0.872675 0.732945 0.688572
0.869855 0.723890 0.677191
0.867060 0.714850 0.665811
0.864286 0.705823 0.654434
0.861531 0.696810 0.643062
0.858795 0.687808 0.631694
0.856074 0.678818 0.620334
0.853365 0.669838 0.608984
0.850667 0.660868 0.597645
0.847980 0.651906 0.586316
0.845299 0.642952 0.575003
0.842623 0.634005 0.563706
0.839953 0.625063 0.552426
0.837282 0.616126 0.541167
0.834612 0.607192 0.529929
0.831942 0.598259 0.518713
0.829266 0.589328 0.507525
0.826587 0.580397 0.496363
0.823901 0.571463 0.485231
0.821205 0.562528 0.474134
0.818503 0.553587 0.463067
0.815786 0.544641 0.452042
0.813060 0.535686 0.441052
0.810316 0.526724 0.430110
0.807560 0.517749 0.419209
0.804783 0.508764 0.408362
0.801991 0.499762 0.397563
0.799178 0.490744 0.386822
0.796341 0.481709 0.376143
0.793485 0.472650 0.365524
0.790602 0.463570 0.354978
0.787692 0.454465 0.344508
0.784758 0.445329 0.334113
0.781794 0.436163 0.323806
0.778799 0.426963 0.313594
0.775770 0.417726 0.303483
0.772707 0.408448 0.293481
0.769609 0.399126 0.283599
0.766473 0.389756 0.273846
0.763298 0.380332 0.264235
0.760080 0.370853 0.254780
0.756816 0.361313 0.245497
0.753501 0.351709 0.236407
0.750132 0.342038 0.227530
0.746708 0.332292 0.218887
0.743221 0.322469 0.210507
0.739663 0.312567 0.202423
0.736028 0.302582 0.194667
0.732308 0.292512 0.187279
0.728489 0.282360 0.180303
0.724560 0.272128 0.173783
0.720505 0.261824 0.167768
0.716308 0.251457 0.162305
0.711948 0.241043 0.157438
0.707405 0.230603 0.153203
0.702658 0.220160 0.149626
0.697686 0.209746 0.146719
0.692470 0.199392 0.144476
0.686996 0.189133 0.142872
0.681251 0.179001 0.141868
0.675229 0.169028 0.141413
0.668927 0.159246 0.141444
0.662346 0.149681 0.141897
0.655489 0.140362 0.142706
0.648362 0.131315 0.143809
0.640969 0.122571 0.145147
0.633317 0.114162 0.146664
0.625412 0.106126 0.148308
0.617258 0.098510 0.150034
0.608861 0.091363 0.151795
0.600226 0.084743 0.153547
0.591358 0.078709 0.155248
0.582264 0.073321 0.156853
0.572952 0.068629 0.158321
0.563434 0.064667 0.159610
0.553722 0.061446 0.160678
0.543835 0.058949 0.161490
0.533791 0.057129 0.162014
0.523612 0.055911 0.162227
0.513321 0.055199 0.162108
0.502942 0.054893 0.161652
0.492492 0.054895 0.160859
0.481997 0.055099 0.159729
0.471469 0.055438 0.158280
0.460930 0.055818 0.156516
0.450388 0.056201 0.154460
0.439855 0.056540 0.152130
0.429340 0.056799 0.149541
0.418849 0.056954 0.146713
0.408387 0.056987 0.143663
0.397958 0.056889 0.140407
0.387566 0.056647 0.136960
0.377216 0.056249 0.133333
0.366901 0.055710 0.129546
0.356629 0.055012 0.125604
0.346395 0.054167 0.121522
0.336202 0.053166 0.117307
0.326042 0.052025 0.112971
0.315928 0.050719 0.108518
0.305844 0.049277 0.103957
0.295791 0.047695 0.099295
0.285776 0.045955 0.094535
0.275788 0.044077 0.089683
0.265825 0.042062 0.084745
0.255884 0.039900 0.079722
0.245962 0.037626 0.074619
0.236056 0.035297 0.069437
