0.000000 0.047059 0.486275
0.000000 0.047059 0.494118
0.000000 0.050980 0.501961
0.000000 0.050980 0.509804
0.000000 0.054902 0.513725
0.000000 0.054902 0.521569
0.000000 0.058824 0.529412
0.000000 0.058824 0.537255
0.000000 0.062745 0.545098
0.000000 0.062745 0.549020
0.000000 0.066667 0.556863
0.000000 0.070588 0.564706
0.000000 0.070588 0.572549
0.000000 0.074510 0.576471
0.000000 0.074510 0.584314
0.000000 0.078431 0.592157
0.000000 0.082353 0.596078
0.000000 0.082353 0.603922
0.000000 0.086275 0.611765
0.000000 0.090196 0.615686
0.000000 0.090196 0.623529
0.000000 0.094118 0.627451
0.000000 0.098039 0.635294
0.000000 0.101961 0.639216
0.000000 0.101961 0.647059
0.000000 0.105882 0.650980
0.000000 0.109804 0.658824
0.000000 0.113725 0.662745
0.000000 0.117647 0.670588
0.000000 0.117647 0.674510
0.000000 0.121569 0.678431
0.000000 0.125490 0.686275
0.000000 0.129412 0.690196
0.000000 0.133333 0.694118
0.000000 0.137255 0.698039
0.000000 0.141176 0.701961
0.000000 0.145098 0.705882
0.000000 0.149020 0.709804
0.000000 0.152941 0.713725
0.000000 0.156863 0.717647
0.000000 0.160784 0.721569
0.000000 0.164706 0.721569
0.000000 0.168627 0.725490
0.000000 0.172549 0.729412
0.000000 0.180392 0.729412
0.000000 0.184314 0.729412
0.000000 0.188235 0.733333
0.000000 0.192157 0.733333
0.000000 0.200000 0.733333
0.000000 0.203922 0.733333
0.000000 0.207843 0.733333
0.000000 0.211765 0.733333
0.000000 0.215686 0.733333
0.000000 0.223529 0.733333
0.000000 0.227451 0.733333
0.000000 0.231373 0.733333
0.000000 0.235294 0.733333
0.000000 0.239216 0.733333
0.000000 0.247059 0.729412
0.000000 0.250980 0.729412
0.000000 0.254902 0.729412
0.000000 0.258824 0.725490
0.000000 0.262745 0.725490
0.000000 0.270588 0.721569
0.000000 0.274510 0.721569
0.000000 0.278431 0.717647
0.000000 0.282353 0.713725
0.000000 0.286275 0.713725
0.000000 0.290196 0.709804
0.000000 0.298039 0.705882
0.000000 0.301961 0.701961
0.000000 0.305882 0.698039
0.000000 0.309804 0.698039
0.000000 0.313725 0.694118
0.000000 0.321569 0.690196
0.000000 0.325490 0.682353
0.000000 0.329412 0.678431
0.000000 0.333333 0.674510
0.000000 0.337255 0.670588
0.000000 0.341176 0.666667
0.000000 0.349020 0.662745
0.000000 0.352941 0.658824
0.000000 0.356863 0.654902
0.000000 0.360784 0.647059
0.000000 0.364706 0.643137
0.000000 0.372549 0.639216
0.000000 0.376471 0.635294
0.000000 0.380392 0.631373
0.000000 0.384314 0.627451
0.000000 0.388235 0.619608
0.000000 0.392157 0.615686
0.000000 0.396078 0.611765
0.000000 0.403922 0.607843
0.000000 0.407843 0.603922
0.000000 0.411765 0.596078
0.000000 0.415686 0.592157
0.000000 0.419608 0.588235
0.000000 0.423529 0.584314
0.000000 0.427451 0.576471
0.000000 0.435294 0.572549
0.000000 0.439216 0.568627
0.000000 0.443137 0.560784
0.000000 0.447059 0.556863
0.000000 0.450980 0.552941
0.000000 0.454902 0.545098
0.000000 0.458824 0.541176
0.000000 0.462745 0.537255
0.000000 0.470588 0.529412
0.000000 0.474510 0.525490
0.000000 0.478431 0.517647
0.000000 0.482353 0.513725
0.000000 0.486275 0.505882
0.000000 0.490196 0.501961
0.000000 0.494118 0.494118
0.000000 0.498039 0.490196
0.000000 0.501961 0.482353
0.000000 0.509804 0.474510
0.000000 0.513725 0.466667
0.000000 0.517647 0.462745
0.007843 0.521569 0.454902
0.023529 0.525490 0.447059
0.035294 0.529412 0.439216
0.050980 0.533333 0.431373
0.062745 0.537255 0.423529
0.070588 0.541176 0.415686
0.082353 0.545098 0.407843
0.090196 0.549020 0.400000
0.098039 0.552941 0.388235
0.105882 0.556863 0.380392
0.113725 0.564706 0.372549
0.121569 0.568627 0.360784
0.125490 0.572549 0.352941
0.133333 0.576471 0.345098
0.137255 0.580392 0.333333
0.145098 0.584314 0.321569
0.149020 0.588235 0.313725
0.156863 0.592157 0.301961
0.160784 0.596078 0.290196
0.164706 0.600000 0.282353
0.168627 0.603922 0.270588
0.172549 0.607843 0.262745
0.172549 0.611765 0.250980
0.176471 0.615686 0.243137
0.176471 0.619608 0.231373
0.180392 0.623529 0.223529
0.180392 0.627451 0.215686
0.184314 0.631373 0.207843
0.184314 0.635294 0.196078
0.184314 0.639216 0.188235
0.188235 0.647059 0.180392
0.188235 0.650980 0.172549
0.188235 0.654902 0.164706
0.188235 0.658824 0.156863
0.188235 0.662745 0.149020
0.192157 0.666667 0.145098
0.192157 0.670588 0.137255
0.192157 0.674510 0.129412
0.192157 0.678431 0.125490
0.192157 0.682353 0.121569
0.192157 0.686275 0.113725
0.192157 0.690196 0.109804
0.192157 0.694118 0.105882
0.192157 0.698039 0.101961
0.196078 0.701961 0.101961
0.196078 0.705882 0.101961
0.196078 0.709804 0.098039
0.196078 0.713725 0.098039
0.196078 0.717647 0.098039
0.196078 0.721569 0.098039
0.196078 0.725490 0.098039
0.196078 0.729412 0.098039
0.196078 0.733333 0.098039
0.200000 0.737255 0.098039
0.200000 0.741176 0.098039
0.200000 0.745098 0.098039
0.200000 0.749020 0.098039
0.200000 0.752941 0.098039
0.200000 0.756863 0.098039
0.200000 0.760784 0.098039
0.200000 0.764706 0.098039
0.203922 0.772549 0.098039
0.203922 0.776471 0.098039
0.203922 0.780392 0.098039
0.203922 0.784314 0.098039
0.203922 0.788235 0.098039
0.203922 0.792157 0.098039
0.207843 0.796078 0.098039
0.207843 0.800000 0.098039
0.207843 0.803922 0.098039
0.207843 0.807843 0.098039
0.207843 0.811765 0.098039
0.207843 0.815686 0.098039
0.211765 0.819608 0.098039
0.211765 0.823529 0.098039
0.211765 0.827451 0.098039
0.211765 0.831373 0.098039
0.215686 0.835294 0.098039
0.219608 0.839216 0.098039
0.231373 0.843137 0.098039
0.239216 0.847059 0.098039
0.250980 0.850980 0.098039
0.266667 0.854902 0.098039
0.278431 0.854902 0.098039
0.294118 0.858824 0.098039
0.309804 0.862745 0.101961
0.325490 0.866667 0.101961
0.341176 0.870588 0.101961
0.352941 0.870588 0.101961
0.368627 0.874510 0.101961
0.384314 0.878431 0.101961
0.400000 0.878431 0.101961
0.415686 0.882353 0.101961
0.431373 0.886275 0.101961
0.447059 0.886275 0.101961
0.462745 0.890196 0.101961
0.478431 0.890196 0.105882
0.494118 0.894118 0.105882
0.509804 0.898039 0.105882
0.525490 0.898039 0.105882
0.541176 0.901961 0.105882
0.556863 0.901961 0.105882
0.568627 0.905882 0.105882
0.584314 0.905882 0.105882
0.600000 0.909804 0.109804
0.615686 0.909804 0.109804
0.631373 0.913725 0.109804
0.643137 0.913725 0.109804
0.658824 0.917647 0.109804
0.674510 0.917647 0.109804
0.690196 0.917647 0.109804
0.701961 0.921569 0.113725
0.717647 0.921569 0.113725
0.733333 0.925490 0.113725
0.745098 0.925490 0.113725
0.760784 0.925490 0.113725
0.776471 0.929412 0.117647
0.788235 0.929412 0.117647
0.803922 0.929412 0.117647
0.819608 0.933333 0.117647
0.831373 0.933333 0.117647
0.847059 0.933333 0.121569
0.862745 0.933333 0.121569
0.874510 0.937255 0.121569
0.890196 0.937255 0.121569
0.905882 0.937255 0.125490
0.917647 0.937255 0.125490
0.933333 0.941176 0.125490
0.949020 0.941176 0.125490
0.960784 0.941176 0.129412
0.976471 0.941176 0.129412
0.988235 0.941176 0.129412
1.000000 0.941176 0.129412
1.000000 0.941176 0.133333
1.000000 0.945098 0.133333
1.000000 0.945098 0.133333
1.000000 0.945098 0.137255
