0.101961 0.000000 0.521569
0.101961 0.000000 0.529412
0.101961 0.000000 0.537255
0.101961 0.000000 0.545098
0.101961 0.000000 0.552941
0.101961 0.003922 0.556863
0.101961 0.007843 0.564706
0.101961 0.007843 0.572549
0.101961 0.011765 0.580392
0.101961 0.015686 0.584314
0.101961 0.019608 0.592157
0.101961 0.023529 0.600000
0.101961 0.027451 0.607843
0.101961 0.031373 0.611765
0.101961 0.035294 0.619608
0.101961 0.039216 0.627451
0.101961 0.043137 0.631373
0.101961 0.047059 0.639216
0.101961 0.050980 0.647059
0.101961 0.054902 0.650980
0.101961 0.058824 0.658824
0.101961 0.062745 0.666667
0.101961 0.066667 0.670588
0.101961 0.070588 0.678431
0.101961 0.074510 0.682353
0.101961 0.078431 0.690196
0.101961 0.082353 0.698039
0.101961 0.086275 0.701961
0.101961 0.090196 0.709804
0.101961 0.094118 0.713725
0.101961 0.098039 0.721569
0.101961 0.101961 0.725490
0.101961 0.105882 0.729412
0.101961 0.109804 0.737255
0.101961 0.113725 0.741176
0.101961 0.117647 0.749020
0.101961 0.121569 0.752941
0.101961 0.129412 0.756863
0.101961 0.133333 0.764706
0.105882 0.137255 0.768627
0.105882 0.141176 0.772549
0.105882 0.145098 0.780392
0.105882 0.149020 0.784314
0.105882 0.152941 0.788235
0.105882 0.156863 0.792157
0.105882 0.160784 0.796078
0.105882 0.168627 0.800000
0.105882 0.172549 0.803922
0.109804 0.176471 0.807843
0.109804 0.180392 0.811765
0.109804 0.184314 0.815686
0.109804 0.192157 0.819608
0.109804 0.196078 0.823529
0.113725 0.200000 0.827451
0.113725 0.203922 0.827451
0.113725 0.211765 0.831373
0.113725 0.215686 0.835294
0.113725 0.219608 0.835294
0.117647 0.227451 0.839216
0.117647 0.231373 0.839216
0.117647 0.235294 0.839216
0.117647 0.243137 0.843137
0.121569 0.247059 0.843137
0.121569 0.254902 0.843137
0.121569 0.258824 0.843137
0.121569 0.266667 0.843137
0.125490 0.270588 0.839216
0.125490 0.278431 0.839216
0.125490 0.282353 0.835294
0.125490 0.290196 0.831373
0.125490 0.298039 0.827451
0.125490 0.305882 0.823529
0.125490 0.309804 0.819608
0.125490 0.317647 0.811765
0.125490 0.325490 0.800000
0.125490 0.337255 0.792157
0.121569 0.345098 0.780392
0.121569 0.352941 0.768627
0.121569 0.360784 0.756863
0.121569 0.368627 0.745098
0.125490 0.376471 0.733333
0.125490 0.380392 0.721569
0.129412 0.388235 0.709804
0.129412 0.396078 0.698039
0.133333 0.400000 0.686275
0.137255 0.407843 0.674510
0.141176 0.415686 0.662745
0.145098 0.419608 0.650980
0.149020 0.427451 0.643137
0.152941 0.431373 0.631373
0.156863 0.439216 0.619608
0.160784 0.443137 0.607843
0.164706 0.447059 0.600000
0.168627 0.454902 0.588235
0.172549 0.458824 0.576471
0.176471 0.462745 0.568627
0.180392 0.470588 0.556863
0.184314 0.474510 0.545098
0.188235 0.478431 0.533333
0.192157 0.482353 0.525490
0.196078 0.490196 0.513725
0.200000 0.494118 0.505882
0.203922 0.498039 0.494118
0.203922 0.501961 0.482353
0.207843 0.509804 0.474510
0.211765 0.513725 0.462745
0.215686 0.517647 0.450980
0.219608 0.521569 0.443137
0.223529 0.525490 0.431373
0.223529 0.529412 0.419608
0.227451 0.537255 0.411765
0.231373 0.541176 0.400000
0.235294 0.545098 0.388235
0.235294 0.549020 0.380392
0.239216 0.552941 0.368627
0.243137 0.556863 0.356863
0.247059 0.560784 0.349020
0.247059 0.564706 0.341176
0.250980 0.568627 0.329412
0.254902 0.572549 0.321569
0.258824 0.576471 0.313725
0.262745 0.580392 0.305882
0.266667 0.588235 0.298039
0.270588 0.592157 0.290196
0.274510 0.596078 0.282353
0.278431 0.596078 0.274510
0.282353 0.600000 0.266667
0.286275 0.603922 0.258824
0.290196 0.607843 0.250980
0.298039 0.611765 0.243137
0.301961 0.615686 0.239216
0.305882 0.619608 0.231373
0.309804 0.623529 0.223529
0.317647 0.627451 0.219608
0.321569 0.631373 0.211765
0.329412 0.635294 0.207843
0.333333 0.639216 0.200000
0.341176 0.643137 0.196078
0.345098 0.647059 0.188235
0.352941 0.647059 0.184314
0.356863 0.650980 0.176471
0.364706 0.654902 0.172549
0.368627 0.658824 0.168627
0.376471 0.662745 0.160784
0.384314 0.666667 0.156863
0.388235 0.670588 0.152941
0.396078 0.670588 0.149020
0.403922 0.674510 0.141176
0.411765 0.678431 0.137255
0.419608 0.682353 0.133333
0.423529 0.686275 0.129412
0.431373 0.686275 0.125490
0.439216 0.690196 0.121569
0.447059 0.694118 0.117647
0.454902 0.698039 0.113725
0.462745 0.698039 0.109804
0.470588 0.701961 0.105882
0.478431 0.705882 0.101961
0.486275 0.709804 0.098039
0.494118 0.709804 0.098039
0.501961 0.713725 0.094118
0.509804 0.717647 0.094118
0.517647 0.721569 0.090196
0.525490 0.721569 0.090196
0.533333 0.725490 0.086275
0.541176 0.729412 0.086275
0.549020 0.729412 0.086275
0.556863 0.733333 0.086275
0.564706 0.737255 0.082353
0.576471 0.741176 0.086275
0.584314 0.741176 0.086275
0.592157 0.745098 0.086275
0.600000 0.749020 0.086275
0.607843 0.749020 0.086275
0.615686 0.752941 0.090196
0.627451 0.752941 0.090196
0.635294 0.756863 0.094118
0.643137 0.760784 0.094118
0.650980 0.760784 0.098039
0.658824 0.764706 0.098039
0.666667 0.768627 0.101961
0.674510 0.768627 0.105882
0.682353 0.772549 0.105882
0.690196 0.776471 0.109804
0.698039 0.776471 0.113725
0.705882 0.780392 0.117647
0.713725 0.784314 0.117647
0.721569 0.784314 0.121569
0.729412 0.788235 0.125490
0.737255 0.792157 0.129412
0.745098 0.792157 0.133333
0.752941 0.796078 0.137255
0.760784 0.800000 0.141176
0.768627 0.800000 0.145098
0.776471 0.803922 0.149020
0.780392 0.807843 0.152941
0.788235 0.807843 0.156863
0.796078 0.811765 0.160784
0.803922 0.815686 0.168627
0.807843 0.819608 0.172549
0.815686 0.819608 0.176471
0.823529 0.823529 0.180392
0.831373 0.827451 0.188235
0.835294 0.827451 0.192157
0.843137 0.831373 0.200000
0.847059 0.835294 0.203922
0.854902 0.839216 0.211765
0.862745 0.839216 0.215686
0.866667 0.843137 0.223529
0.874510 0.847059 0.231373
0.878431 0.850980 0.235294
0.882353 0.854902 0.243137
0.890196 0.854902 0.250980
0.894118 0.858824 0.258824
0.898039 0.862745 0.266667
0.905882 0.866667 0.274510
0.909804 0.870588 0.282353
0.913725 0.874510 0.290196
0.917647 0.874510 0.298039
0.921569 0.878431 0.309804
0.925490 0.882353 0.317647
0.925490 0.886275 0.329412
0.929412 0.890196 0.337255
0.933333 0.894118 0.349020
0.933333 0.898039 0.360784
0.937255 0.901961 0.372549
0.937255 0.905882 0.388235
0.937255 0.913725 0.400000
0.941176 0.917647 0.415686
0.941176 0.921569 0.427451
0.941176 0.925490 0.443137
0.945098 0.929412 0.458824
0.945098 0.933333 0.474510
0.949020 0.937255 0.494118
0.949020 0.937255 0.509804
0.952941 0.941176 0.529412
0.952941 0.945098 0.545098
0.956863 0.949020 0.564706
0.960784 0.952941 0.584314
0.960784 0.956863 0.603922
0.964706 0.960784 0.623529
0.968627 0.960784 0.647059
0.968627 0.964706 0.666667
0.972549 0.968627 0.690196
0.976471 0.972549 0.713725
0.976471 0.972549 0.737255
0.980392 0.976471 0.760784
0.984314 0.980392 0.784314
0.984314 0.980392 0.807843
0.988235 0.984314 0.835294
0.988235 0.988235 0.858824
0.992157 0.988235 0.886275
0.992157 0.992157 0.913725
0.996078 0.992157 0.941176
0.996078 0.996078 0.968627
0.996078 1.000000 1.000000
