0.074510 0.192157 0.756863
0.094118 0.196078 0.756863
0.109804 0.196078 0.752941
0.121569 0.200000 0.752941
0.133333 0.203922 0.749020
0.145098 0.203922 0.749020
0.152941 0.207843 0.749020
0.164706 0.211765 0.745098
0.172549 0.215686 0.745098
0.180392 0.215686 0.745098
0.188235 0.219608 0.741176
0.196078 0.223529 0.741176
0.203922 0.227451 0.741176
0.211765 0.227451 0.737255
0.219608 0.231373 0.737255
0.223529 0.235294 0.737255
0.231373 0.235294 0.733333
0.239216 0.239216 0.733333
0.243137 0.243137 0.733333
0.250980 0.247059 0.729412
0.254902 0.247059 0.729412
0.258824 0.250980 0.725490
0.266667 0.254902 0.725490
0.270588 0.258824 0.725490
0.274510 0.258824 0.721569
0.282353 0.262745 0.721569
0.286275 0.266667 0.721569
0.290196 0.266667 0.717647
0.294118 0.270588 0.717647
0.301961 0.274510 0.717647
0.305882 0.278431 0.713725
0.309804 0.278431 0.713725
0.313725 0.282353 0.713725
0.317647 0.286275 0.709804
0.321569 0.290196 0.709804
0.325490 0.290196 0.705882
0.329412 0.294118 0.705882
0.333333 0.298039 0.705882
0.337255 0.301961 0.701961
0.341176 0.301961 0.701961
0.345098 0.305882 0.701961
0.349020 0.309804 0.698039
0.352941 0.313725 0.698039
0.356863 0.313725 0.698039
0.360784 0.317647 0.694118
0.364706 0.321569 0.694118
0.368627 0.321569 0.690196
0.372549 0.325490 0.690196
0.376471 0.329412 0.690196
0.380392 0.333333 0.686275
0.380392 0.333333 0.686275
0.384314 0.337255 0.686275
0.388235 0.341176 0.682353
0.392157 0.345098 0.682353
0.396078 0.345098 0.678431
0.400000 0.349020 0.678431
0.400000 0.352941 0.678431
0.403922 0.356863 0.674510
0.407843 0.356863 0.674510
0.411765 0.360784 0.674510
0.411765 0.364706 0.670588
0.415686 0.368627 0.670588
0.419608 0.368627 0.670588
0.423529 0.372549 0.666667
0.423529 0.376471 0.666667
0.427451 0.380392 0.662745
0.431373 0.380392 0.662745
0.435294 0.384314 0.662745
0.435294 0.388235 0.658824
0.439216 0.392157 0.658824
0.443137 0.392157 0.654902
0.443137 0.396078 0.654902
0.447059 0.400000 0.654902
0.450980 0.403922 0.650980
0.450980 0.403922 0.650980
0.454902 0.407843 0.650980
0.458824 0.411765 0.647059
0.458824 0.415686 0.647059
0.462745 0.415686 0.643137
0.466667 0.419608 0.643137
0.466667 0.423529 0.643137
0.470588 0.427451 0.639216
0.470588 0.427451 0.639216
0.474510 0.431373 0.635294
0.478431 0.435294 0.635294
0.478431 0.439216 0.635294
0.482353 0.439216 0.631373
0.482353 0.443137 0.631373
0.486275 0.447059 0.627451
0.490196 0.450980 0.627451
0.490196 0.450980 0.627451
0.494118 0.454902 0.623529
0.494118 0.458824 0.623529
0.498039 0.462745 0.619608
0.501961 0.462745 0.619608
0.501961 0.466667 0.619608
0.505882 0.470588 0.615686
0.505882 0.474510 0.615686
0.509804 0.474510 0.611765
0.509804 0.478431 0.611765
0.513725 0.482353 0.611765
0.513725 0.486275 0.607843
0.517647 0.486275 0.607843
0.517647 0.490196 0.603922
0.521569 0.494118 0.603922
0.521569 0.498039 0.603922
0.525490 0.501961 0.600000
0.525490 0.501961 0.600000
0.529412 0.505882 0.596078
0.529412 0.509804 0.596078
0.533333 0.513725 0.596078
0.533333 0.513725 0.592157
0.537255 0.517647 0.592157
0.537255 0.521569 0.588235
0.541176 0.525490 0.588235
0.541176 0.525490 0.584314
0.545098 0.529412 0.584314
0.545098 0.533333 0.584314
0.549020 0.537255 0.580392
0.549020 0.541176 0.580392
0.552941 0.541176 0.576471
0.552941 0.545098 0.576471
0.556863 0.549020 0.572549
0.556863 0.552941 0.572549
0.556863 0.552941 0.572549
0.560784 0.556863 0.568627
0.560784 0.560784 0.568627
0.564706 0.564706 0.564706
0.568627 0.564706 0.564706
0.572549 0.568627 0.560784
0.576471 0.572549 0.560784
0.580392 0.572549 0.556863
0.584314 0.576471 0.552941
0.588235 0.576471 0.552941
0.592157 0.580392 0.549020
0.596078 0.584314 0.549020
0.600000 0.584314 0.545098
0.603922 0.588235 0.541176
0.607843 0.588235 0.541176
0.611765 0.592157 0.537255
0.615686 0.596078 0.533333
0.619608 0.596078 0.533333
0.623529 0.600000 0.529412
0.627451 0.603922 0.529412
0.631373 0.603922 0.525490
0.635294 0.607843 0.521569
0.635294 0.607843 0.521569
0.639216 0.611765 0.517647
0.643137 0.615686 0.513725
0.647059 0.615686 0.513725
0.650980 0.619608 0.509804
0.654902 0.623529 0.509804
0.658824 0.623529 0.505882
0.662745 0.627451 0.501961
0.666667 0.627451 0.501961
0.670588 0.631373 0.498039
0.674510 0.635294 0.494118
0.678431 0.635294 0.494118
0.682353 0.639216 0.490196
0.682353 0.643137 0.486275
0.686275 0.643137 0.486275
0.690196 0.647059 0.482353
0.694118 0.650980 0.478431
0.698039 0.650980 0.478431
0.701961 0.654902 0.474510
0.705882 0.654902 0.470588
0.709804 0.658824 0.470588
0.713725 0.662745 0.466667
0.713725 0.662745 0.462745
0.717647 0.666667 0.462745
0.721569 0.670588 0.458824
0.725490 0.670588 0.454902
0.729412 0.674510 0.450980
0.733333 0.678431 0.450980
0.737255 0.678431 0.447059
0.741176 0.682353 0.443137
0.741176 0.682353 0.443137
0.745098 0.686275 0.439216
0.749020 0.690196 0.435294
0.752941 0.690196 0.431373
0.756863 0.694118 0.431373
0.760784 0.698039 0.427451
0.764706 0.698039 0.423529
0.764706 0.701961 0.419608
0.768627 0.705882 0.419608
0.772549 0.705882 0.415686
0.776471 0.709804 0.411765
0.780392 0.713725 0.407843
0.784314 0.713725 0.407843
0.784314 0.717647 0.403922
0.788235 0.721569 0.400000
0.792157 0.721569 0.396078
0.796078 0.725490 0.396078
0.800000 0.729412 0.392157
0.800000 0.729412 0.388235
0.803922 0.733333 0.384314
0.807843 0.737255 0.380392
0.811765 0.737255 0.376471
0.815686 0.741176 0.376471
0.819608 0.745098 0.372549
0.819608 0.745098 0.368627
0.823529 0.749020 0.364706
0.827451 0.752941 0.360784
0.831373 0.752941 0.356863
0.835294 0.756863 0.352941
0.835294 0.760784 0.352941
0.839216 0.760784 0.349020
0.843137 0.764706 0.345098
0.847059 0.768627 0.341176
0.850980 0.768627 0.337255
0.850980 0.772549 0.333333
0.854902 0.776471 0.329412
0.858824 0.776471 0.325490
0.862745 0.780392 0.321569
0.866667 0.784314 0.317647
0.866667 0.784314 0.313725
0.870588 0.788235 0.309804
0.874510 0.792157 0.305882
0.878431 0.792157 0.301961
0.882353 0.796078 0.298039
0.882353 0.800000 0.294118
0.886275 0.800000 0.290196
0.890196 0.803922 0.286275
0.894118 0.807843 0.282353
0.894118 0.807843 0.278431
0.898039 0.811765 0.274510
0.901961 0.815686 0.266667
0.905882 0.815686 0.262745
0.909804 0.819608 0.258824
0.909804 0.823529 0.254902
0.913725 0.823529 0.250980
0.917647 0.827451 0.243137
0.921569 0.831373 0.239216
0.921569 0.831373 0.235294
0.925490 0.835294 0.227451
0.929412 0.839216 0.223529
0.933333 0.839216 0.215686
0.937255 0.843137 0.211765
0.937255 0.847059 0.203922
0.941176 0.847059 0.200000
0.945098 0.850980 0.192157
0.949020 0.854902 0.188235
0.949020 0.854902 0.180392
0.952941 0.858824 0.172549
0.956863 0.862745 0.164706
0.960784 0.866667 0.156863
0.960784 0.866667 0.149020
0.964706 0.870588 0.141176
0.968627 0.874510 0.133333
0.972549 0.874510 0.121569
0.972549 0.878431 0.113725
0.976471 0.882353 0.101961
0.980392 0.882353 0.086275
0.984314 0.886275 0.074510
0.984314 0.890196 0.054902
0.988235 0.890196 0.035294
