0.094118 0.505882 0.980392
0.101961 0.501961 0.972549
0.105882 0.498039 0.964706
0.109804 0.494118 0.956863
0.117647 0.490196 0.949020
0.121569 0.486275 0.941176
0.125490 0.486275 0.933333
0.129412 0.482353 0.925490
0.133333 0.478431 0.917647
0.137255 0.474510 0.909804
0.141176 0.470588 0.901961
0.141176 0.466667 0.894118
0.145098 0.462745 0.886275
0.149020 0.458824 0.878431
0.152941 0.458824 0.870588
0.152941 0.454902 0.866667
0.156863 0.450980 0.858824
0.156863 0.447059 0.850980
0.160784 0.443137 0.843137
0.164706 0.439216 0.835294
0.164706 0.435294 0.827451
0.168627 0.435294 0.819608
0.168627 0.431373 0.811765
0.168627 0.427451 0.803922
0.172549 0.423529 0.796078
0.172549 0.419608 0.788235
0.176471 0.415686 0.780392
0.176471 0.411765 0.776471
0.176471 0.411765 0.768627
0.180392 0.407843 0.760784
0.180392 0.403922 0.752941
0.180392 0.400000 0.745098
0.184314 0.396078 0.737255
0.184314 0.392157 0.729412
0.184314 0.388235 0.721569
0.184314 0.388235 0.717647
0.188235 0.384314 0.709804
0.188235 0.380392 0.701961
0.188235 0.376471 0.694118
0.188235 0.372549 0.686275
0.188235 0.368627 0.678431
0.188235 0.368627 0.670588
0.192157 0.364706 0.666667
0.192157 0.360784 0.658824
0.192157 0.356863 0.650980
0.192157 0.352941 0.643137
0.192157 0.349020 0.635294
0.192157 0.349020 0.627451
0.192157 0.345098 0.623529
0.192157 0.341176 0.615686
0.192157 0.337255 0.607843
0.192157 0.333333 0.600000
0.192157 0.329412 0.592157
0.192157 0.329412 0.584314
0.192157 0.325490 0.580392
0.192157 0.321569 0.572549
0.192157 0.317647 0.564706
0.192157 0.313725 0.556863
0.192157 0.313725 0.549020
0.192157 0.309804 0.545098
0.192157 0.305882 0.537255
0.192157 0.301961 0.529412
0.192157 0.298039 0.521569
0.192157 0.298039 0.517647
0.192157 0.294118 0.509804
0.192157 0.290196 0.501961
0.188235 0.286275 0.494118
0.188235 0.282353 0.490196
0.188235 0.282353 0.482353
0.188235 0.278431 0.474510
0.188235 0.274510 0.466667
0.188235 0.270588 0.462745
0.188235 0.266667 0.454902
0.184314 0.266667 0.447059
0.184314 0.262745 0.439216
0.184314 0.258824 0.435294
0.184314 0.254902 0.427451
0.184314 0.250980 0.419608
0.180392 0.250980 0.415686
0.180392 0.247059 0.407843
0.180392 0.243137 0.400000
0.180392 0.239216 0.396078
0.180392 0.239216 0.388235
0.176471 0.235294 0.380392
0.176471 0.231373 0.376471
0.176471 0.227451 0.368627
0.176471 0.223529 0.360784
0.172549 0.223529 0.356863
0.172549 0.219608 0.349020
0.172549 0.215686 0.341176
0.168627 0.211765 0.337255
0.168627 0.211765 0.329412
0.168627 0.207843 0.321569
0.164706 0.203922 0.317647
0.164706 0.200000 0.309804
0.164706 0.200000 0.305882
0.160784 0.196078 0.298039
0.160784 0.192157 0.290196
0.160784 0.188235 0.286275
0.156863 0.188235 0.278431
0.156863 0.184314 0.274510
0.156863 0.180392 0.266667
0.152941 0.180392 0.258824
0.152941 0.176471 0.254902
0.152941 0.172549 0.247059
0.149020 0.168627 0.243137
0.149020 0.168627 0.235294
0.145098 0.164706 0.231373
0.145098 0.160784 0.223529
0.141176 0.156863 0.215686
0.141176 0.156863 0.211765
0.141176 0.152941 0.203922
0.137255 0.149020 0.200000
0.137255 0.149020 0.192157
0.133333 0.145098 0.188235
0.133333 0.141176 0.184314
0.133333 0.141176 0.176471
0.129412 0.137255 0.172549
0.129412 0.133333 0.164706
0.129412 0.133333 0.160784
0.129412 0.129412 0.156863
0.125490 0.129412 0.149020
0.125490 0.125490 0.145098
0.125490 0.125490 0.141176
0.129412 0.121569 0.137255
0.129412 0.121569 0.133333
0.129412 0.121569 0.129412
0.129412 0.121569 0.129412
0.133333 0.121569 0.125490
0.137255 0.121569 0.125490
0.137255 0.121569 0.121569
0.141176 0.121569 0.121569
0.145098 0.121569 0.121569
0.149020 0.121569 0.117647
0.152941 0.121569 0.117647
0.156863 0.125490 0.117647
0.164706 0.125490 0.117647
0.168627 0.125490 0.121569
0.172549 0.129412 0.121569
0.180392 0.129412 0.121569
0.184314 0.133333 0.121569
0.188235 0.133333 0.121569
0.196078 0.133333 0.125490
0.200000 0.137255 0.125490
0.207843 0.137255 0.125490
0.211765 0.141176 0.125490
0.219608 0.141176 0.129412
0.223529 0.145098 0.129412
0.231373 0.145098 0.129412
0.235294 0.149020 0.133333
0.239216 0.149020 0.133333
0.247059 0.149020 0.133333
0.250980 0.152941 0.133333
0.258824 0.152941 0.137255
0.262745 0.156863 0.137255
0.270588 0.156863 0.137255
0.274510 0.160784 0.141176
0.282353 0.160784 0.141176
0.286275 0.164706 0.141176
0.294118 0.164706 0.141176
0.298039 0.168627 0.145098
0.305882 0.168627 0.145098
0.309804 0.168627 0.145098
0.317647 0.172549 0.149020
0.321569 0.172549 0.149020
0.329412 0.176471 0.149020
0.333333 0.176471 0.152941
0.341176 0.180392 0.152941
0.345098 0.180392 0.152941
0.352941 0.180392 0.152941
0.356863 0.184314 0.156863
0.364706 0.184314 0.156863
0.368627 0.188235 0.156863
0.376471 0.188235 0.160784
0.380392 0.192157 0.160784
0.388235 0.192157 0.160784
0.392157 0.192157 0.160784
0.400000 0.196078 0.164706
0.407843 0.196078 0.164706
0.411765 0.200000 0.164706
0.419608 0.200000 0.168627
0.423529 0.203922 0.168627
0.431373 0.203922 0.168627
0.435294 0.203922 0.172549
0.443137 0.207843 0.172549
0.447059 0.207843 0.172549
0.454902 0.211765 0.172549
0.458824 0.211765 0.176471
0.466667 0.211765 0.176471
0.474510 0.215686 0.176471
0.478431 0.215686 0.180392
0.486275 0.219608 0.180392
0.490196 0.219608 0.180392
0.498039 0.219608 0.180392
0.501961 0.223529 0.184314
0.509804 0.223529 0.184314
0.517647 0.227451 0.184314
0.521569 0.227451 0.188235
0.529412 0.227451 0.188235
0.533333 0.231373 0.188235
0.541176 0.231373 0.192157
0.549020 0.235294 0.192157
0.552941 0.235294 0.192157
0.560784 0.235294 0.192157
0.564706 0.239216 0.196078
0.572549 0.239216 0.196078
0.580392 0.243137 0.196078
0.584314 0.243137 0.200000
0.592157 0.243137 0.200000
0.596078 0.247059 0.200000
0.603922 0.247059 0.203922
0.611765 0.247059 0.203922
0.615686 0.250980 0.203922
0.623529 0.250980 0.203922
0.631373 0.254902 0.207843
0.635294 0.254902 0.207843
0.643137 0.254902 0.207843
0.647059 0.258824 0.211765
0.654902 0.258824 0.211765
0.662745 0.258824 0.211765
0.666667 0.262745 0.215686
0.674510 0.262745 0.215686
0.682353 0.266667 0.215686
0.686275 0.266667 0.215686
0.694118 0.266667 0.219608
0.701961 0.270588 0.219608
0.705882 0.270588 0.219608
0.713725 0.270588 0.223529
0.721569 0.274510 0.223529
0.725490 0.274510 0.223529
0.733333 0.278431 0.223529
0.741176 0.278431 0.227451
0.745098 0.278431 0.227451
0.752941 0.282353 0.227451
0.760784 0.282353 0.231373
0.764706 0.282353 0.231373
0.772549 0.286275 0.231373
0.780392 0.286275 0.235294
0.784314 0.286275 0.235294
0.792157 0.290196 0.235294
0.800000 0.290196 0.235294
0.807843 0.290196 0.239216
0.811765 0.294118 0.239216
0.819608 0.294118 0.239216
0.827451 0.294118 0.243137
0.831373 0.298039 0.243137
0.839216 0.298039 0.243137
0.847059 0.301961 0.247059
0.854902 0.301961 0.247059
0.858824 0.301961 0.247059
0.866667 0.305882 0.247059
0.874510 0.305882 0.250980
0.878431 0.305882 0.250980
0.886275 0.309804 0.250980
0.894118 0.309804 0.254902
0.901961 0.309804 0.254902
