0.054902 0.576471 0.980392
0.062745 0.572549 0.972549
0.070588 0.568627 0.964706
0.078431 0.564706 0.956863
0.086275 0.560784 0.949020
0.094118 0.556863 0.941176
0.098039 0.552941 0.933333
0.105882 0.549020 0.925490
0.109804 0.545098 0.917647
0.113725 0.541176 0.909804
0.117647 0.537255 0.901961
0.121569 0.533333 0.894118
0.125490 0.529412 0.886275
0.129412 0.525490 0.878431
0.133333 0.521569 0.870588
0.137255 0.517647 0.862745
0.141176 0.513725 0.854902
0.141176 0.509804 0.847059
0.145098 0.505882 0.843137
0.149020 0.501961 0.835294
0.149020 0.498039 0.827451
0.152941 0.494118 0.819608
0.156863 0.490196 0.811765
0.156863 0.482353 0.803922
0.160784 0.478431 0.796078
0.160784 0.474510 0.788235
0.164706 0.470588 0.780392
0.164706 0.466667 0.772549
0.164706 0.462745 0.764706
0.168627 0.458824 0.760784
0.168627 0.454902 0.752941
0.172549 0.450980 0.745098
0.172549 0.447059 0.737255
0.172549 0.443137 0.729412
0.176471 0.439216 0.721569
0.176471 0.435294 0.713725
0.176471 0.431373 0.705882
0.176471 0.427451 0.701961
0.180392 0.423529 0.694118
0.180392 0.419608 0.686275
0.180392 0.415686 0.678431
0.180392 0.411765 0.670588
0.184314 0.407843 0.662745
0.184314 0.403922 0.654902
0.184314 0.400000 0.650980
0.184314 0.400000 0.643137
0.184314 0.396078 0.635294
0.184314 0.392157 0.627451
0.184314 0.388235 0.619608
0.184314 0.384314 0.611765
0.188235 0.380392 0.607843
0.188235 0.376471 0.600000
0.188235 0.372549 0.592157
0.188235 0.368627 0.584314
0.188235 0.364706 0.576471
0.188235 0.360784 0.572549
0.188235 0.356863 0.564706
0.188235 0.352941 0.556863
0.188235 0.349020 0.549020
0.188235 0.345098 0.545098
0.188235 0.341176 0.537255
0.188235 0.337255 0.529412
0.188235 0.333333 0.521569
0.188235 0.329412 0.513725
0.188235 0.325490 0.509804
0.184314 0.321569 0.501961
0.184314 0.317647 0.494118
0.184314 0.313725 0.486275
0.184314 0.309804 0.482353
0.184314 0.305882 0.474510
0.184314 0.305882 0.466667
0.184314 0.301961 0.458824
0.184314 0.298039 0.454902
0.184314 0.294118 0.447059
0.180392 0.290196 0.439216
0.180392 0.286275 0.435294
0.180392 0.282353 0.427451
0.180392 0.278431 0.419608
0.180392 0.274510 0.411765
0.176471 0.270588 0.407843
0.176471 0.266667 0.400000
0.176471 0.262745 0.392157
0.176471 0.258824 0.388235
0.176471 0.258824 0.380392
0.172549 0.254902 0.372549
0.172549 0.250980 0.368627
0.172549 0.247059 0.360784
0.172549 0.243137 0.352941
0.168627 0.239216 0.349020
0.168627 0.235294 0.341176
0.168627 0.231373 0.333333
0.168627 0.227451 0.329412
0.164706 0.223529 0.321569
0.164706 0.223529 0.317647
0.164706 0.219608 0.309804
0.160784 0.215686 0.301961
0.160784 0.211765 0.298039
0.160784 0.207843 0.290196
0.156863 0.203922 0.286275
0.156863 0.200000 0.278431
0.156863 0.196078 0.270588
0.152941 0.196078 0.266667
0.152941 0.192157 0.258824
0.152941 0.188235 0.254902
0.149020 0.184314 0.247059
0.149020 0.180392 0.243137
0.145098 0.176471 0.235294
0.145098 0.172549 0.227451
0.145098 0.172549 0.223529
0.141176 0.168627 0.215686
0.141176 0.164706 0.211765
0.137255 0.160784 0.203922
0.137255 0.156863 0.200000
0.137255 0.152941 0.192157
0.133333 0.152941 0.188235
0.133333 0.149020 0.180392
0.129412 0.145098 0.176471
0.129412 0.141176 0.172549
0.129412 0.141176 0.164706
0.125490 0.137255 0.160784
0.125490 0.133333 0.156863
0.125490 0.133333 0.149020
0.125490 0.129412 0.145098
0.125490 0.129412 0.141176
0.125490 0.129412 0.137255
0.125490 0.125490 0.133333
0.125490 0.125490 0.129412
0.125490 0.125490 0.125490
0.129412 0.125490 0.125490
0.129412 0.125490 0.121569
0.129412 0.125490 0.121569
0.133333 0.125490 0.117647
0.137255 0.129412 0.117647
0.137255 0.129412 0.113725
0.141176 0.129412 0.113725
0.145098 0.133333 0.113725
0.149020 0.137255 0.113725
0.152941 0.137255 0.113725
0.156863 0.141176 0.113725
0.160784 0.145098 0.113725
0.164706 0.145098 0.113725
0.168627 0.149020 0.113725
0.172549 0.152941 0.113725
0.176471 0.152941 0.113725
0.180392 0.156863 0.113725
0.184314 0.160784 0.117647
0.188235 0.164706 0.117647
0.196078 0.168627 0.117647
0.200000 0.168627 0.117647
0.203922 0.172549 0.117647
0.207843 0.176471 0.117647
0.211765 0.180392 0.117647
0.215686 0.180392 0.117647
0.219608 0.184314 0.117647
0.223529 0.188235 0.121569
0.227451 0.192157 0.121569
0.235294 0.196078 0.121569
0.239216 0.200000 0.121569
0.243137 0.200000 0.121569
0.247059 0.203922 0.121569
0.250980 0.207843 0.121569
0.254902 0.211765 0.121569
0.258824 0.215686 0.121569
0.262745 0.215686 0.121569
0.270588 0.219608 0.125490
0.274510 0.223529 0.125490
0.278431 0.227451 0.125490
0.282353 0.231373 0.125490
0.286275 0.235294 0.125490
0.290196 0.235294 0.125490
0.294118 0.239216 0.125490
0.298039 0.243137 0.125490
0.305882 0.247059 0.125490
0.309804 0.250980 0.125490
0.313725 0.254902 0.125490
0.317647 0.254902 0.125490
0.321569 0.258824 0.125490
0.325490 0.262745 0.125490
0.333333 0.266667 0.125490
0.337255 0.270588 0.125490
0.341176 0.274510 0.129412
0.345098 0.278431 0.129412
0.349020 0.278431 0.129412
0.352941 0.282353 0.129412
0.356863 0.286275 0.129412
0.364706 0.290196 0.129412
0.368627 0.294118 0.129412
0.372549 0.298039 0.129412
0.376471 0.301961 0.129412
0.380392 0.305882 0.129412
0.384314 0.305882 0.129412
0.392157 0.309804 0.129412
0.396078 0.313725 0.129412
0.400000 0.317647 0.129412
0.403922 0.321569 0.129412
0.407843 0.325490 0.129412
0.415686 0.329412 0.129412
0.419608 0.333333 0.129412
0.423529 0.333333 0.129412
0.427451 0.337255 0.129412
0.431373 0.341176 0.129412
0.439216 0.345098 0.129412
0.443137 0.349020 0.129412
0.447059 0.352941 0.129412
0.450980 0.356863 0.129412
0.454902 0.360784 0.129412
0.462745 0.364706 0.129412
0.466667 0.368627 0.129412
0.470588 0.368627 0.129412
0.474510 0.372549 0.129412
0.478431 0.376471 0.129412
0.486275 0.380392 0.125490
0.490196 0.384314 0.125490
0.494118 0.388235 0.125490
0.498039 0.392157 0.125490
0.501961 0.396078 0.125490
0.509804 0.400000 0.125490
0.513725 0.403922 0.125490
0.517647 0.407843 0.125490
0.521569 0.407843 0.125490
0.529412 0.411765 0.125490
0.533333 0.415686 0.125490
0.537255 0.419608 0.125490
0.541176 0.423529 0.125490
0.545098 0.427451 0.121569
0.552941 0.431373 0.121569
0.556863 0.435294 0.121569
0.560784 0.439216 0.121569
0.564706 0.443137 0.121569
0.572549 0.447059 0.121569
0.576471 0.450980 0.121569
0.580392 0.454902 0.121569
0.584314 0.458824 0.117647
0.592157 0.458824 0.117647
0.596078 0.462745 0.117647
0.600000 0.466667 0.117647
0.603922 0.470588 0.117647
0.611765 0.474510 0.117647
0.615686 0.478431 0.113725
0.619608 0.482353 0.113725
0.623529 0.486275 0.113725
0.631373 0.490196 0.113725
0.635294 0.494118 0.113725
0.639216 0.498039 0.113725
0.647059 0.501961 0.109804
0.650980 0.505882 0.109804
0.654902 0.509804 0.109804
0.658824 0.513725 0.109804
0.666667 0.517647 0.105882
0.670588 0.521569 0.105882
0.674510 0.525490 0.105882
0.678431 0.529412 0.105882
0.686275 0.533333 0.101961
0.690196 0.537255 0.101961
0.694118 0.537255 0.101961
0.701961 0.541176 0.098039
