0.000000 0.015686 0.345098
0.000000 0.019608 0.352941
0.000000 0.019608 0.360784
0.000000 0.023529 0.372549
0.000000 0.027451 0.380392
0.000000 0.027451 0.392157
0.000000 0.031373 0.400000
0.000000 0.031373 0.407843
0.000000 0.031373 0.419608
0.000000 0.035294 0.427451
0.000000 0.035294 0.435294
0.000000 0.035294 0.447059
0.000000 0.035294 0.454902
0.000000 0.039216 0.466667
0.000000 0.039216 0.474510
0.000000 0.039216 0.482353
0.000000 0.043137 0.494118
0.000000 0.043137 0.501961
0.000000 0.043137 0.513725
0.000000 0.043137 0.521569
0.000000 0.047059 0.533333
0.000000 0.047059 0.541176
0.000000 0.047059 0.552941
0.000000 0.050980 0.560784
0.000000 0.050980 0.572549
0.000000 0.050980 0.580392
0.000000 0.054902 0.592157
0.000000 0.054902 0.600000
0.000000 0.054902 0.611765
0.000000 0.058824 0.619608
0.000000 0.058824 0.631373
0.000000 0.058824 0.639216
0.000000 0.062745 0.650980
0.000000 0.062745 0.658824
0.000000 0.062745 0.670588
0.000000 0.066667 0.678431
0.000000 0.066667 0.690196
0.000000 0.066667 0.698039
0.000000 0.070588 0.709804
0.000000 0.070588 0.717647
0.000000 0.074510 0.729412
0.000000 0.074510 0.737255
0.000000 0.074510 0.749020
0.000000 0.078431 0.756863
0.000000 0.078431 0.768627
0.000000 0.082353 0.776471
0.000000 0.082353 0.784314
0.000000 0.086275 0.796078
0.000000 0.086275 0.803922
0.000000 0.086275 0.811765
0.000000 0.090196 0.819608
0.000000 0.090196 0.827451
0.000000 0.090196 0.835294
0.000000 0.094118 0.843137
0.000000 0.094118 0.850980
0.000000 0.098039 0.858824
0.000000 0.098039 0.866667
0.000000 0.098039 0.874510
0.000000 0.098039 0.882353
0.000000 0.101961 0.886275
0.000000 0.101961 0.894118
0.000000 0.101961 0.901961
0.000000 0.105882 0.905882
0.000000 0.105882 0.913725
0.000000 0.105882 0.917647
0.000000 0.105882 0.921569
0.000000 0.109804 0.929412
0.000000 0.109804 0.933333
0.000000 0.109804 0.937255
0.000000 0.109804 0.941176
0.000000 0.113725 0.949020
0.000000 0.113725 0.952941
0.000000 0.113725 0.956863
0.000000 0.113725 0.960784
0.000000 0.113725 0.964706
0.000000 0.117647 0.968627
0.000000 0.117647 0.968627
0.000000 0.117647 0.972549
0.000000 0.117647 0.976471
0.000000 0.117647 0.980392
0.000000 0.117647 0.984314
0.000000 0.117647 0.984314
0.000000 0.121569 0.988235
0.039216 0.121569 0.992157
0.094118 0.121569 0.992157
0.129412 0.121569 0.996078
0.160784 0.121569 0.996078
0.184314 0.121569 1.000000
0.207843 0.121569 1.000000
0.231373 0.121569 1.000000
0.250980 0.121569 1.000000
0.270588 0.121569 1.000000
0.286275 0.121569 1.000000
0.305882 0.121569 1.000000
0.321569 0.121569 1.000000
0.337255 0.121569 1.000000
0.352941 0.121569 1.000000
0.368627 0.121569 1.000000
0.384314 0.121569 1.000000
0.396078 0.121569 1.000000
0.411765 0.121569 1.000000
0.423529 0.121569 1.000000
0.439216 0.121569 1.000000
0.450980 0.121569 1.000000
0.466667 0.121569 1.000000
0.478431 0.117647 1.000000
0.490196 0.117647 1.000000
0.501961 0.117647 1.000000
0.513725 0.117647 1.000000
0.525490 0.117647 1.000000
0.537255 0.117647 1.000000
0.549020 0.117647 1.000000
0.560784 0.117647 1.000000
0.568627 0.117647 1.000000
0.580392 0.117647 1.000000
0.592157 0.117647 1.000000
0.603922 0.117647 1.000000
0.611765 0.117647 1.000000
0.623529 0.117647 1.000000
0.631373 0.117647 1.000000
0.643137 0.117647 1.000000
0.654902 0.117647 1.000000
0.662745 0.117647 1.000000
0.674510 0.117647 1.000000
0.682353 0.117647 1.000000
0.694118 0.117647 1.000000
0.701961 0.117647 1.000000
0.709804 0.117647 1.000000
0.721569 0.117647 1.000000
0.729412 0.117647 1.000000
0.741176 0.117647 1.000000
0.749020 0.117647 1.000000
0.756863 0.117647 1.000000
0.764706 0.121569 1.000000
0.772549 0.121569 1.000000
0.784314 0.125490 1.000000
0.792157 0.129412 1.000000
0.800000 0.129412 1.000000
0.807843 0.133333 1.000000
0.815686 0.137255 1.000000
0.819608 0.141176 1.000000
0.827451 0.145098 1.000000
0.835294 0.149020 1.000000
0.843137 0.152941 1.000000
0.850980 0.156863 1.000000
0.854902 0.160784 1.000000
0.862745 0.168627 1.000000
0.870588 0.172549 1.000000
0.874510 0.176471 1.000000
0.882353 0.184314 1.000000
0.890196 0.188235 1.000000
0.894118 0.196078 1.000000
0.901961 0.200000 1.000000
0.905882 0.207843 1.000000
0.909804 0.211765 1.000000
0.917647 0.219608 1.000000
0.921569 0.223529 1.000000
0.925490 0.231373 1.000000
0.933333 0.239216 1.000000
0.937255 0.247059 1.000000
0.941176 0.250980 1.000000
0.945098 0.258824 1.000000
0.949020 0.266667 1.000000
0.952941 0.274510 1.000000
0.956863 0.282353 1.000000
0.960784 0.290196 1.000000
0.964706 0.298039 1.000000
0.968627 0.305882 1.000000
0.972549 0.313725 1.000000
0.976471 0.321569 1.000000
0.976471 0.329412 1.000000
0.980392 0.337255 1.000000
0.984314 0.345098 1.000000
0.984314 0.352941 1.000000
0.988235 0.360784 1.000000
0.988235 0.368627 1.000000
0.992157 0.376471 1.000000
0.992157 0.384314 1.000000
0.996078 0.392157 1.000000
0.996078 0.403922 1.000000
0.996078 0.411765 1.000000
0.996078 0.419608 1.000000
1.000000 0.427451 1.000000
1.000000 0.435294 1.000000
1.000000 0.443137 1.000000
1.000000 0.454902 1.000000
1.000000 0.462745 1.000000
1.000000 0.470588 1.000000
1.000000 0.478431 1.000000
1.000000 0.486275 1.000000
1.000000 0.494118 1.000000
1.000000 0.501961 1.000000
1.000000 0.509804 1.000000
1.000000 0.517647 1.000000
1.000000 0.525490 1.000000
1.000000 0.533333 1.000000
1.000000 0.541176 1.000000
1.000000 0.549020 1.000000
1.000000 0.556863 1.000000
1.000000 0.560784 1.000000
1.000000 0.568627 1.000000
1.000000 0.576471 1.000000
1.000000 0.584314 1.000000
1.000000 0.592157 1.000000
1.000000 0.596078 1.000000
1.000000 0.603922 1.000000
1.000000 0.611765 1.000000
1.000000 0.619608 1.000000
1.000000 0.623529 1.000000
1.000000 0.631373 1.000000
1.000000 0.639216 1.000000
1.000000 0.647059 1.000000
1.000000 0.650980 1.000000
1.000000 0.658824 1.000000
1.000000 0.666667 1.000000
1.000000 0.670588 1.000000
1.000000 0.678431 1.000000
1.000000 0.686275 1.000000
1.000000 0.690196 1.000000
1.000000 0.698039 1.000000
1.000000 0.705882 1.000000
1.000000 0.709804 1.000000
1.000000 0.717647 1.000000
1.000000 0.721569 1.000000
1.000000 0.729412 1.000000
1.000000 0.737255 1.000000
1.000000 0.741176 1.000000
1.000000 0.749020 1.000000
1.000000 0.752941 1.000000
1.000000 0.760784 1.000000
1.000000 0.768627 1.000000
1.000000 0.772549 1.000000
1.000000 0.780392 1.000000
1.000000 0.784314 1.000000
1.000000 0.792157 1.000000
1.000000 0.796078 1.000000
1.000000 0.803922 1.000000
1.000000 0.811765 1.000000
1.000000 0.815686 1.000000
1.000000 0.823529 1.000000
1.000000 0.827451 1.000000
1.000000 0.835294 1.000000
1.000000 0.839216 1.000000
1.000000 0.847059 1.000000
1.000000 0.850980 1.000000
1.000000 0.858824 1.000000
1.000000 0.866667 1.000000
1.000000 0.870588 0.996078
1.000000 0.878431 0.996078
1.000000 0.882353 0.996078
1.000000 0.890196 0.996078
0.996078 0.894118 0.996078
0.996078 0.901961 0.996078
0.996078 0.905882 0.996078
0.996078 0.913725 0.996078
0.996078 0.917647 0.996078
