0.000000 0.047059 0.486275
0.000000 0.047059 0.494118
0.000000 0.050980 0.501961
0.000000 0.050980 0.509804
0.000000 0.054902 0.513725
0.000000 0.054902 0.521569
0.000000 0.054902 0.529412
0.000000 0.058824 0.537255
0.000000 0.058824 0.541176
0.000000 0.062745 0.549020
0.000000 0.062745 0.556863
0.000000 0.062745 0.560784
0.000000 0.066667 0.568627
0.000000 0.066667 0.572549
0.000000 0.066667 0.580392
0.000000 0.070588 0.584314
0.000000 0.070588 0.592157
0.000000 0.070588 0.596078
0.000000 0.074510 0.603922
0.000000 0.074510 0.607843
0.000000 0.074510 0.611765
0.000000 0.078431 0.615686
0.000000 0.078431 0.623529
0.000000 0.078431 0.627451
0.000000 0.078431 0.631373
0.000000 0.082353 0.635294
0.000000 0.082353 0.639216
0.000000 0.082353 0.643137
0.000000 0.082353 0.647059
0.000000 0.082353 0.647059
0.000000 0.082353 0.650980
0.000000 0.082353 0.654902
0.000000 0.082353 0.658824
0.000000 0.082353 0.658824
0.000000 0.082353 0.658824
0.000000 0.082353 0.662745
0.039216 0.082353 0.662745
0.078431 0.082353 0.662745
0.109804 0.082353 0.662745
0.137255 0.082353 0.662745
0.160784 0.082353 0.662745
0.180392 0.078431 0.662745
0.203922 0.078431 0.658824
0.223529 0.074510 0.658824
0.243137 0.074510 0.654902
0.258824 0.070588 0.650980
0.278431 0.070588 0.647059
0.294118 0.066667 0.643137
0.309804 0.066667 0.639216
0.325490 0.062745 0.635294
0.337255 0.062745 0.631373
0.352941 0.058824 0.627451
0.364706 0.054902 0.623529
0.376471 0.054902 0.619608
0.388235 0.050980 0.615686
0.400000 0.050980 0.611765
0.411765 0.047059 0.607843
0.423529 0.043137 0.607843
0.435294 0.043137 0.603922
0.443137 0.039216 0.600000
0.454902 0.039216 0.596078
0.462745 0.035294 0.592157
0.474510 0.031373 0.592157
0.482353 0.031373 0.588235
0.490196 0.027451 0.584314
0.501961 0.027451 0.584314
0.509804 0.023529 0.580392
0.517647 0.023529 0.576471
0.525490 0.019608 0.576471
0.533333 0.019608 0.572549
0.545098 0.019608 0.572549
0.552941 0.015686 0.568627
0.560784 0.015686 0.568627
0.568627 0.015686 0.564706
0.576471 0.011765 0.564706
0.584314 0.011765 0.560784
0.592157 0.011765 0.560784
0.600000 0.007843 0.556863
0.607843 0.007843 0.556863
0.615686 0.007843 0.552941
0.623529 0.003922 0.552941
0.631373 0.003922 0.552941
0.635294 0.003922 0.549020
0.643137 0.000000 0.549020
0.650980 0.000000 0.545098
0.658824 0.000000 0.545098
0.666667 0.000000 0.541176
0.674510 0.000000 0.541176
0.682353 0.000000 0.537255
0.690196 0.000000 0.537255
0.698039 0.000000 0.533333
0.701961 0.000000 0.533333
0.709804 0.000000 0.529412
0.717647 0.000000 0.529412
0.725490 0.000000 0.529412
0.733333 0.000000 0.525490
0.741176 0.000000 0.525490
0.749020 0.000000 0.521569
0.752941 0.000000 0.521569
0.760784 0.000000 0.517647
0.768627 0.000000 0.517647
0.776471 0.000000 0.513725
0.784314 0.000000 0.513725
0.788235 0.000000 0.509804
0.796078 0.000000 0.509804
0.803922 0.000000 0.505882
0.811765 0.000000 0.505882
0.819608 0.000000 0.501961
0.823529 0.000000 0.501961
0.831373 0.000000 0.498039
0.839216 0.000000 0.498039
0.847059 0.000000 0.494118
0.850980 0.000000 0.494118
0.858824 0.000000 0.490196
0.862745 0.000000 0.486275
0.870588 0.000000 0.486275
0.878431 0.000000 0.482353
0.882353 0.007843 0.482353
0.890196 0.015686 0.478431
0.894118 0.023529 0.478431
0.901961 0.031373 0.474510
0.905882 0.039216 0.470588
0.909804 0.050980 0.470588
0.917647 0.058824 0.466667
0.921569 0.066667 0.466667
0.929412 0.078431 0.462745
0.933333 0.086275 0.458824
0.937255 0.094118 0.458824
0.945098 0.101961 0.454902
0.949020 0.109804 0.454902
0.952941 0.117647 0.450980
0.956863 0.125490 0.447059
0.960784 0.133333 0.447059
0.968627 0.141176 0.443137
0.972549 0.149020 0.439216
0.976471 0.156863 0.439216
0.980392 0.164706 0.435294
0.984314 0.172549 0.431373
0.988235 0.180392 0.427451
0.992157 0.188235 0.427451
0.996078 0.196078 0.423529
1.000000 0.203922 0.419608
1.000000 0.211765 0.419608
1.000000 0.219608 0.415686
1.000000 0.227451 0.411765
1.000000 0.235294 0.407843
1.000000 0.243137 0.403922
1.000000 0.250980 0.403922
1.000000 0.258824 0.400000
1.000000 0.266667 0.396078
1.000000 0.278431 0.392157
1.000000 0.286275 0.392157
1.000000 0.294118 0.388235
1.000000 0.301961 0.384314
1.000000 0.309804 0.380392
1.000000 0.317647 0.376471
1.000000 0.325490 0.372549
1.000000 0.337255 0.372549
1.000000 0.345098 0.368627
1.000000 0.352941 0.364706
1.000000 0.360784 0.360784
1.000000 0.368627 0.356863
1.000000 0.376471 0.352941
1.000000 0.388235 0.349020
1.000000 0.396078 0.345098
1.000000 0.403922 0.341176
1.000000 0.411765 0.337255
1.000000 0.419608 0.333333
1.000000 0.427451 0.329412
1.000000 0.435294 0.325490
1.000000 0.443137 0.321569
1.000000 0.450980 0.317647
1.000000 0.458824 0.313725
1.000000 0.466667 0.309804
1.000000 0.474510 0.305882
1.000000 0.482353 0.301961
1.000000 0.490196 0.298039
1.000000 0.498039 0.294118
1.000000 0.505882 0.290196
1.000000 0.513725 0.282353
1.000000 0.517647 0.278431
1.000000 0.525490 0.274510
1.000000 0.533333 0.270588
1.000000 0.541176 0.266667
1.000000 0.549020 0.258824
1.000000 0.552941 0.254902
1.000000 0.560784 0.250980
1.000000 0.568627 0.243137
1.000000 0.572549 0.239216
1.000000 0.580392 0.235294
1.000000 0.588235 0.227451
1.000000 0.592157 0.223529
1.000000 0.600000 0.215686
1.000000 0.607843 0.211765
1.000000 0.611765 0.203922
1.000000 0.619608 0.200000
1.000000 0.627451 0.192157
1.000000 0.631373 0.188235
1.000000 0.639216 0.180392
1.000000 0.643137 0.176471
1.000000 0.650980 0.172549
1.000000 0.654902 0.168627
1.000000 0.662745 0.164706
1.000000 0.666667 0.160784
1.000000 0.674510 0.156863
1.000000 0.678431 0.152941
1.000000 0.686275 0.149020
1.000000 0.690196 0.145098
1.000000 0.698039 0.141176
1.000000 0.701961 0.141176
1.000000 0.709804 0.137255
1.000000 0.713725 0.133333
1.000000 0.717647 0.133333
1.000000 0.725490 0.129412
1.000000 0.729412 0.125490
1.000000 0.737255 0.125490
1.000000 0.741176 0.121569
1.000000 0.745098 0.121569
1.000000 0.752941 0.121569
1.000000 0.756863 0.117647
1.000000 0.760784 0.117647
1.000000 0.768627 0.113725
1.000000 0.772549 0.113725
1.000000 0.780392 0.113725
1.000000 0.784314 0.113725
1.000000 0.788235 0.109804
1.000000 0.796078 0.109804
1.000000 0.800000 0.109804
1.000000 0.803922 0.109804
1.000000 0.811765 0.109804
1.000000 0.815686 0.109804
1.000000 0.819608 0.109804
1.000000 0.827451 0.109804
1.000000 0.831373 0.109804
1.000000 0.835294 0.109804
1.000000 0.843137 0.109804
1.000000 0.847059 0.109804
1.000000 0.850980 0.109804
1.000000 0.858824 0.109804
1.000000 0.862745 0.113725
1.000000 0.866667 0.113725
1.000000 0.870588 0.113725
1.000000 0.878431 0.113725
1.000000 0.882353 0.117647
1.000000 0.886275 0.117647
1.000000 0.894118 0.117647
1.000000 0.898039 0.121569
1.000000 0.901961 0.121569
1.000000 0.909804 0.121569
1.000000 0.913725 0.125490
1.000000 0.917647 0.125490
1.000000 0.925490 0.129412
1.000000 0.929412 0.129412
1.000000 0.933333 0.133333
1.000000 0.937255 0.133333
1.000000 0.945098 0.137255
