0.227451 0.564706 0.996078
0.239216 0.568627 0.996078
0.250980 0.568627 0.996078
0.262745 0.572549 0.992157
0.274510 0.576471 0.992157
0.282353 0.576471 0.992157
0.294118 0.580392 0.992157
0.301961 0.584314 0.992157
0.313725 0.584314 0.992157
0.321569 0.588235 0.992157
0.329412 0.592157 0.992157
0.341176 0.592157 0.992157
0.349020 0.596078 0.992157
0.356863 0.600000 0.992157
0.364706 0.603922 0.992157
0.372549 0.603922 0.992157
0.380392 0.607843 0.988235
0.388235 0.611765 0.988235
0.396078 0.611765 0.988235
0.403922 0.615686 0.988235
0.411765 0.619608 0.988235
0.415686 0.623529 0.988235
0.423529 0.623529 0.988235
0.431373 0.627451 0.988235
0.439216 0.631373 0.988235
0.443137 0.631373 0.988235
0.450980 0.635294 0.988235
0.458824 0.639216 0.988235
0.462745 0.643137 0.984314
0.470588 0.643137 0.984314
0.474510 0.647059 0.984314
0.482353 0.650980 0.984314
0.490196 0.650980 0.984314
0.494118 0.654902 0.984314
0.501961 0.658824 0.984314
0.505882 0.662745 0.984314
0.513725 0.662745 0.984314
0.517647 0.666667 0.984314
0.525490 0.670588 0.984314
0.529412 0.670588 0.980392
0.537255 0.674510 0.980392
0.541176 0.678431 0.980392
0.545098 0.682353 0.980392
0.552941 0.682353 0.980392
0.556863 0.686275 0.980392
0.564706 0.690196 0.980392
0.568627 0.694118 0.980392
0.572549 0.694118 0.980392
0.580392 0.698039 0.980392
0.584314 0.701961 0.980392
0.588235 0.705882 0.976471
0.596078 0.705882 0.976471
0.600000 0.709804 0.976471
0.603922 0.713725 0.976471
0.611765 0.717647 0.976471
0.615686 0.717647 0.976471
0.619608 0.721569 0.976471
0.627451 0.725490 0.976471
0.631373 0.725490 0.976471
0.635294 0.729412 0.976471
0.639216 0.733333 0.972549
0.647059 0.737255 0.972549
0.650980 0.737255 0.972549
0.654902 0.741176 0.972549
0.658824 0.745098 0.972549
0.666667 0.749020 0.972549
0.670588 0.752941 0.972549
0.674510 0.752941 0.972549
0.678431 0.756863 0.972549
0.686275 0.760784 0.968627
0.690196 0.764706 0.968627
0.694118 0.764706 0.968627
0.698039 0.768627 0.968627
0.701961 0.772549 0.968627
0.709804 0.776471 0.968627
0.713725 0.776471 0.968627
0.717647 0.780392 0.968627
0.721569 0.784314 0.968627
0.725490 0.788235 0.968627
0.729412 0.788235 0.964706
0.737255 0.792157 0.964706
0.741176 0.796078 0.964706
0.745098 0.800000 0.964706
0.749020 0.800000 0.964706
0.752941 0.803922 0.964706
0.756863 0.807843 0.964706
0.760784 0.811765 0.964706
0.768627 0.815686 0.960784
0.772549 0.815686 0.960784
0.776471 0.819608 0.960784
0.780392 0.823529 0.960784
0.784314 0.827451 0.960784
0.788235 0.827451 0.960784
0.792157 0.831373 0.960784
0.796078 0.835294 0.960784
0.803922 0.839216 0.960784
0.807843 0.843137 0.956863
0.811765 0.843137 0.956863
0.815686 0.847059 0.956863
0.819608 0.850980 0.956863
0.823529 0.854902 0.956863
0.827451 0.854902 0.956863
0.831373 0.858824 0.956863
0.835294 0.862745 0.956863
0.839216 0.866667 0.952941
0.843137 0.870588 0.952941
0.850980 0.870588 0.952941
0.854902 0.874510 0.952941
0.858824 0.878431 0.952941
0.862745 0.882353 0.952941
0.866667 0.882353 0.952941
0.870588 0.886275 0.949020
0.874510 0.890196 0.949020
0.878431 0.894118 0.949020
0.882353 0.898039 0.949020
0.886275 0.898039 0.949020
0.890196 0.901961 0.949020
0.894118 0.905882 0.949020
0.898039 0.909804 0.945098
0.901961 0.909804 0.945098
0.905882 0.913725 0.945098
0.909804 0.917647 0.945098
0.913725 0.917647 0.941176
0.917647 0.921569 0.941176
0.921569 0.921569 0.937255
0.921569 0.925490 0.937255
0.925490 0.925490 0.933333
0.925490 0.925490 0.929412
0.929412 0.925490 0.925490
0.929412 0.925490 0.921569
0.929412 0.925490 0.913725
0.929412 0.921569 0.909804
0.929412 0.921569 0.901961
0.929412 0.917647 0.898039
0.929412 0.917647 0.890196
0.925490 0.913725 0.886275
0.925490 0.909804 0.878431
0.925490 0.909804 0.870588
0.921569 0.905882 0.866667
0.921569 0.901961 0.858824
0.921569 0.898039 0.850980
0.917647 0.898039 0.847059
0.917647 0.894118 0.839216
0.913725 0.890196 0.831373
0.913725 0.886275 0.823529
0.909804 0.882353 0.819608
0.909804 0.882353 0.811765
0.909804 0.878431 0.803922
0.905882 0.874510 0.800000
0.905882 0.870588 0.792157
0.901961 0.866667 0.784314
0.901961 0.866667 0.780392
0.898039 0.862745 0.772549
0.898039 0.858824 0.764706
0.894118 0.854902 0.760784
0.894118 0.854902 0.752941
0.890196 0.850980 0.745098
0.890196 0.847059 0.741176
0.886275 0.843137 0.733333
0.886275 0.839216 0.725490
0.886275 0.839216 0.721569
0.882353 0.835294 0.713725
0.882353 0.831373 0.705882
0.878431 0.827451 0.698039
0.878431 0.827451 0.694118
0.874510 0.823529 0.686275
0.874510 0.819608 0.682353
0.870588 0.815686 0.674510
0.870588 0.811765 0.666667
0.866667 0.811765 0.662745
0.866667 0.807843 0.654902
0.862745 0.803922 0.647059
0.858824 0.800000 0.643137
0.858824 0.800000 0.635294
0.854902 0.796078 0.627451
0.854902 0.792157 0.623529
0.850980 0.788235 0.615686
0.850980 0.784314 0.607843
0.847059 0.784314 0.603922
0.847059 0.780392 0.596078
0.843137 0.776471 0.588235
0.843137 0.772549 0.584314
0.839216 0.772549 0.576471
0.839216 0.768627 0.568627
0.835294 0.764706 0.564706
0.831373 0.760784 0.556863
0.831373 0.760784 0.549020
0.827451 0.756863 0.545098
0.827451 0.752941 0.537255
0.823529 0.749020 0.533333
0.823529 0.749020 0.525490
0.819608 0.745098 0.517647
0.819608 0.741176 0.513725
0.815686 0.737255 0.505882
0.811765 0.737255 0.498039
0.811765 0.733333 0.494118
0.807843 0.729412 0.486275
0.807843 0.725490 0.478431
0.803922 0.725490 0.474510
0.800000 0.721569 0.466667
0.800000 0.717647 0.458824
0.796078 0.713725 0.454902
0.796078 0.713725 0.447059
0.792157 0.709804 0.443137
0.788235 0.705882 0.435294
0.788235 0.701961 0.427451
0.784314 0.701961 0.423529
0.784314 0.698039 0.415686
0.780392 0.694118 0.407843
0.776471 0.690196 0.403922
0.776471 0.690196 0.396078
0.772549 0.686275 0.388235
0.768627 0.682353 0.384314
0.768627 0.678431 0.376471
0.764706 0.678431 0.368627
0.764706 0.674510 0.364706
0.760784 0.670588 0.356863
0.756863 0.666667 0.349020
0.756863 0.666667 0.345098
0.752941 0.662745 0.337255
0.749020 0.658824 0.329412
0.749020 0.654902 0.325490
0.745098 0.654902 0.317647
0.741176 0.650980 0.309804
0.741176 0.647059 0.305882
0.737255 0.647059 0.298039
0.733333 0.643137 0.290196
0.733333 0.639216 0.282353
0.729412 0.635294 0.278431
0.725490 0.635294 0.270588
0.725490 0.631373 0.262745
0.721569 0.627451 0.254902
0.717647 0.623529 0.250980
0.717647 0.623529 0.243137
0.713725 0.619608 0.235294
0.709804 0.615686 0.227451
0.709804 0.615686 0.219608
0.705882 0.611765 0.211765
0.701961 0.607843 0.203922
0.701961 0.603922 0.196078
0.698039 0.603922 0.188235
0.694118 0.600000 0.180392
0.690196 0.596078 0.172549
0.690196 0.596078 0.164706
0.686275 0.592157 0.156863
0.682353 0.588235 0.149020
0.682353 0.584314 0.141176
0.678431 0.584314 0.129412
0.674510 0.580392 0.121569
0.674510 0.576471 0.113725
0.670588 0.576471 0.101961
0.666667 0.572549 0.090196
0.662745 0.568627 0.078431
0.662745 0.564706 0.062745
0.658824 0.564706 0.050980
0.654902 0.560784 0.031373
