0.125490 0.313725 0.854902
0.145098 0.317647 0.858824
0.160784 0.321569 0.858824
0.176471 0.325490 0.858824
0.192157 0.333333 0.858824
0.203922 0.337255 0.858824
0.219608 0.341176 0.862745
0.231373 0.345098 0.862745
0.239216 0.349020 0.862745
0.250980 0.352941 0.862745
0.262745 0.356863 0.866667
0.270588 0.360784 0.866667
0.282353 0.364706 0.866667
0.290196 0.372549 0.866667
0.301961 0.376471 0.866667
0.309804 0.380392 0.870588
0.317647 0.384314 0.870588
0.325490 0.388235 0.870588
0.337255 0.392157 0.870588
0.345098 0.396078 0.870588
0.352941 0.403922 0.874510
0.360784 0.407843 0.874510
0.368627 0.411765 0.874510
0.376471 0.415686 0.874510
0.380392 0.419608 0.878431
0.388235 0.423529 0.878431
0.396078 0.431373 0.878431
0.403922 0.435294 0.878431
0.411765 0.439216 0.878431
0.419608 0.443137 0.882353
0.423529 0.447059 0.882353
0.431373 0.454902 0.882353
0.439216 0.458824 0.882353
0.443137 0.462745 0.882353
0.450980 0.466667 0.886275
0.458824 0.470588 0.886275
0.462745 0.474510 0.886275
0.470588 0.482353 0.886275
0.478431 0.486275 0.886275
0.482353 0.490196 0.886275
0.490196 0.494118 0.890196
0.494118 0.498039 0.890196
0.501961 0.505882 0.890196
0.509804 0.509804 0.890196
0.513725 0.513725 0.890196
0.521569 0.517647 0.894118
0.525490 0.525490 0.894118
0.533333 0.529412 0.894118
0.537255 0.533333 0.894118
0.545098 0.537255 0.894118
0.549020 0.541176 0.898039
0.556863 0.549020 0.898039
0.560784 0.552941 0.898039
0.564706 0.556863 0.898039
0.572549 0.560784 0.898039
0.576471 0.568627 0.898039
0.584314 0.572549 0.901961
0.588235 0.576471 0.901961
0.596078 0.580392 0.901961
0.600000 0.588235 0.901961
0.603922 0.592157 0.901961
0.611765 0.596078 0.905882
0.615686 0.600000 0.905882
0.619608 0.607843 0.905882
0.627451 0.611765 0.905882
0.631373 0.615686 0.905882
0.639216 0.619608 0.905882
0.643137 0.627451 0.909804
0.647059 0.631373 0.909804
0.654902 0.635294 0.909804
0.658824 0.639216 0.909804
0.662745 0.647059 0.909804
0.670588 0.650980 0.909804
0.674510 0.654902 0.913725
0.678431 0.658824 0.913725
0.686275 0.666667 0.913725
0.690196 0.670588 0.913725
0.694118 0.674510 0.913725
0.698039 0.682353 0.913725
0.705882 0.686275 0.917647
0.709804 0.690196 0.917647
0.713725 0.694118 0.917647
0.721569 0.701961 0.917647
0.725490 0.705882 0.917647
0.729412 0.709804 0.917647
0.733333 0.717647 0.917647
0.741176 0.721569 0.921569
0.745098 0.725490 0.921569
0.749020 0.729412 0.921569
0.752941 0.737255 0.921569
0.760784 0.741176 0.921569
0.764706 0.745098 0.921569
0.768627 0.752941 0.925490
0.772549 0.756863 0.925490
0.780392 0.760784 0.925490
0.784314 0.768627 0.925490
0.788235 0.772549 0.925490
0.792157 0.776471 0.925490
0.800000 0.784314 0.925490
0.803922 0.788235 0.925490
0.807843 0.792157 0.929412
0.811765 0.796078 0.929412
0.819608 0.803922 0.929412
0.823529 0.807843 0.929412
0.827451 0.811765 0.929412
0.831373 0.819608 0.929412
0.835294 0.823529 0.929412
0.843137 0.827451 0.933333
0.847059 0.835294 0.933333
0.850980 0.839216 0.933333
0.854902 0.843137 0.933333
0.858824 0.850980 0.933333
0.866667 0.854902 0.933333
0.870588 0.858824 0.933333
0.874510 0.866667 0.933333
0.878431 0.870588 0.933333
0.882353 0.874510 0.933333
0.890196 0.878431 0.933333
0.894118 0.882353 0.933333
0.898039 0.886275 0.933333
0.901961 0.890196 0.933333
0.905882 0.894118 0.933333
0.909804 0.898039 0.929412
0.913725 0.901961 0.929412
0.917647 0.901961 0.925490
0.921569 0.905882 0.925490
0.925490 0.905882 0.921569
0.925490 0.905882 0.917647
0.929412 0.905882 0.913725
0.933333 0.901961 0.909804
0.933333 0.901961 0.901961
0.937255 0.898039 0.898039
0.937255 0.898039 0.894118
0.941176 0.894118 0.886275
0.941176 0.890196 0.878431
0.941176 0.886275 0.874510
0.945098 0.878431 0.866667
0.945098 0.874510 0.858824
0.945098 0.870588 0.850980
0.945098 0.862745 0.843137
0.945098 0.858824 0.839216
0.945098 0.850980 0.831373
0.945098 0.847059 0.823529
0.945098 0.839216 0.815686
0.945098 0.835294 0.807843
0.945098 0.827451 0.800000
0.945098 0.823529 0.792157
0.945098 0.815686 0.784314
0.945098 0.811765 0.776471
0.945098 0.803922 0.768627
0.945098 0.800000 0.760784
0.945098 0.792157 0.752941
0.945098 0.788235 0.749020
0.945098 0.780392 0.741176
0.945098 0.772549 0.733333
0.945098 0.768627 0.725490
0.941176 0.760784 0.717647
0.941176 0.756863 0.709804
0.941176 0.749020 0.701961
0.941176 0.745098 0.694118
0.941176 0.737255 0.686275
0.941176 0.733333 0.678431
0.937255 0.725490 0.674510
0.937255 0.717647 0.666667
0.937255 0.713725 0.658824
0.937255 0.705882 0.650980
0.937255 0.701961 0.643137
0.933333 0.694118 0.635294
0.933333 0.690196 0.627451
0.933333 0.682353 0.619608
0.933333 0.678431 0.615686
0.929412 0.670588 0.607843
0.929412 0.662745 0.600000
0.929412 0.658824 0.592157
0.929412 0.650980 0.584314
0.925490 0.647059 0.576471
0.925490 0.639216 0.568627
0.925490 0.635294 0.564706
0.921569 0.627451 0.556863
0.921569 0.623529 0.549020
0.921569 0.615686 0.541176
0.917647 0.607843 0.533333
0.917647 0.603922 0.529412
0.917647 0.596078 0.521569
0.913725 0.592157 0.513725
0.913725 0.584314 0.505882
0.913725 0.580392 0.498039
0.909804 0.572549 0.490196
0.909804 0.564706 0.486275
0.909804 0.560784 0.478431
0.905882 0.552941 0.470588
0.905882 0.549020 0.462745
0.901961 0.541176 0.458824
0.901961 0.537255 0.450980
0.898039 0.529412 0.443137
0.898039 0.521569 0.435294
0.898039 0.517647 0.427451
0.894118 0.509804 0.423529
0.894118 0.505882 0.415686
0.890196 0.498039 0.407843
0.890196 0.490196 0.400000
0.886275 0.486275 0.396078
0.886275 0.478431 0.388235
0.882353 0.474510 0.380392
0.882353 0.466667 0.372549
0.878431 0.458824 0.368627
0.878431 0.454902 0.360784
0.874510 0.447059 0.352941
0.874510 0.443137 0.345098
0.870588 0.435294 0.341176
0.870588 0.427451 0.333333
0.866667 0.423529 0.325490
0.866667 0.415686 0.321569
0.862745 0.407843 0.313725
0.858824 0.403922 0.305882
0.858824 0.396078 0.298039
0.854902 0.388235 0.294118
0.854902 0.384314 0.286275
0.850980 0.376471 0.278431
0.850980 0.368627 0.274510
0.847059 0.364706 0.266667
0.843137 0.356863 0.258824
0.843137 0.349020 0.250980
0.839216 0.341176 0.247059
0.835294 0.337255 0.239216
0.835294 0.329412 0.231373
0.831373 0.321569 0.227451
0.831373 0.313725 0.219608
0.827451 0.305882 0.211765
0.823529 0.301961 0.207843
0.823529 0.294118 0.200000
0.819608 0.286275 0.192157
0.815686 0.278431 0.188235
0.815686 0.270588 0.180392
0.811765 0.262745 0.172549
0.807843 0.254902 0.164706
0.807843 0.247059 0.160784
0.803922 0.239216 0.152941
0.800000 0.231373 0.145098
0.796078 0.223529 0.141176
0.796078 0.215686 0.133333
0.792157 0.203922 0.125490
0.788235 0.196078 0.117647
0.788235 0.188235 0.113725
0.784314 0.176471 0.105882
0.780392 0.168627 0.098039
0.776471 0.156863 0.090196
0.776471 0.145098 0.082353
0.772549 0.133333 0.078431
0.768627 0.121569 0.070588
0.764706 0.109804 0.062745
0.764706 0.094118 0.054902
0.760784 0.078431 0.047059
0.756863 0.058824 0.035294
0.752941 0.035294 0.027451
0.749020 0.007843 0.019608
