0.160784 0.788235 0.901961
0.176471 0.788235 0.905882
0.192157 0.792157 0.905882
0.207843 0.792157 0.905882
0.223529 0.796078 0.905882
0.235294 0.796078 0.905882
0.247059 0.796078 0.905882
0.258824 0.800000 0.905882
0.270588 0.800000 0.909804
0.282353 0.803922 0.909804
0.290196 0.803922 0.909804
0.301961 0.803922 0.909804
0.313725 0.807843 0.909804
0.321569 0.807843 0.909804
0.329412 0.807843 0.909804
0.341176 0.811765 0.913725
0.349020 0.811765 0.913725
0.356863 0.815686 0.913725
0.364706 0.815686 0.913725
0.372549 0.815686 0.913725
0.380392 0.819608 0.913725
0.388235 0.819608 0.913725
0.396078 0.819608 0.917647
0.403922 0.823529 0.917647
0.411765 0.823529 0.917647
0.419608 0.827451 0.917647
0.427451 0.827451 0.917647
0.435294 0.827451 0.917647
0.443137 0.831373 0.917647
0.450980 0.831373 0.921569
0.454902 0.831373 0.921569
0.462745 0.835294 0.921569
0.470588 0.835294 0.921569
0.478431 0.839216 0.921569
0.482353 0.839216 0.921569
0.490196 0.839216 0.921569
0.498039 0.843137 0.925490
0.501961 0.843137 0.925490
0.509804 0.843137 0.925490
0.517647 0.847059 0.925490
0.521569 0.847059 0.925490
0.529412 0.850980 0.925490
0.533333 0.850980 0.925490
0.541176 0.850980 0.929412
0.545098 0.854902 0.929412
0.552941 0.854902 0.929412
0.556863 0.854902 0.929412
0.564706 0.858824 0.929412
0.568627 0.858824 0.929412
0.576471 0.862745 0.929412
0.580392 0.862745 0.933333
0.588235 0.862745 0.933333
0.592157 0.866667 0.933333
0.600000 0.866667 0.933333
0.603922 0.866667 0.933333
0.611765 0.870588 0.933333
0.615686 0.870588 0.933333
0.623529 0.874510 0.937255
0.627451 0.874510 0.937255
0.631373 0.874510 0.937255
0.639216 0.878431 0.937255
0.643137 0.878431 0.937255
0.650980 0.878431 0.937255
0.654902 0.882353 0.937255
0.658824 0.882353 0.941176
0.666667 0.886275 0.941176
0.670588 0.886275 0.941176
0.674510 0.886275 0.941176
0.682353 0.890196 0.941176
0.686275 0.890196 0.941176
0.690196 0.890196 0.941176
0.698039 0.894118 0.945098
0.701961 0.894118 0.945098
0.705882 0.894118 0.945098
0.713725 0.898039 0.945098
0.717647 0.898039 0.945098
0.721569 0.901961 0.945098
0.729412 0.901961 0.945098
0.733333 0.901961 0.949020
0.737255 0.905882 0.949020
0.745098 0.905882 0.949020
0.749020 0.905882 0.949020
0.752941 0.909804 0.949020
0.756863 0.909804 0.949020
0.764706 0.913725 0.949020
0.768627 0.913725 0.952941
0.772549 0.913725 0.952941
0.780392 0.917647 0.952941
0.784314 0.917647 0.952941
0.788235 0.917647 0.952941
0.792157 0.921569 0.952941
0.800000 0.921569 0.952941
0.803922 0.921569 0.956863
0.807843 0.925490 0.956863
0.811765 0.925490 0.956863
0.819608 0.929412 0.956863
0.823529 0.929412 0.956863
0.827451 0.929412 0.956863
0.831373 0.933333 0.956863
0.839216 0.933333 0.960784
0.843137 0.933333 0.960784
0.847059 0.937255 0.960784
0.850980 0.937255 0.960784
0.854902 0.941176 0.960784
0.862745 0.941176 0.960784
0.866667 0.941176 0.960784
0.870588 0.945098 0.964706
0.874510 0.945098 0.964706
0.878431 0.945098 0.964706
0.886275 0.949020 0.964706
0.890196 0.949020 0.964706
0.894118 0.949020 0.964706
0.898039 0.952941 0.964706
0.901961 0.952941 0.968627
0.909804 0.956863 0.968627
0.913725 0.956863 0.968627
0.917647 0.956863 0.968627
0.921569 0.960784 0.968627
0.925490 0.960784 0.968627
0.933333 0.960784 0.968627
0.937255 0.964706 0.968627
0.941176 0.964706 0.968627
0.945098 0.964706 0.968627
0.949020 0.964706 0.968627
0.952941 0.964706 0.968627
0.956863 0.964706 0.968627
0.960784 0.964706 0.968627
0.964706 0.964706 0.968627
0.968627 0.964706 0.964706
0.968627 0.964706 0.964706
0.972549 0.960784 0.960784
0.972549 0.960784 0.960784
0.976471 0.960784 0.956863
0.976471 0.956863 0.952941
0.976471 0.952941 0.952941
0.980392 0.952941 0.949020
0.980392 0.949020 0.945098
0.980392 0.949020 0.941176
0.980392 0.945098 0.937255
0.980392 0.941176 0.937255
0.984314 0.941176 0.933333
0.984314 0.937255 0.929412
0.984314 0.933333 0.925490
0.984314 0.929412 0.921569
0.984314 0.929412 0.921569
0.984314 0.925490 0.917647
0.984314 0.921569 0.913725
0.984314 0.921569 0.909804
0.988235 0.917647 0.905882
0.988235 0.913725 0.901961
0.988235 0.913725 0.901961
0.988235 0.909804 0.898039
0.988235 0.905882 0.894118
0.988235 0.905882 0.890196
0.988235 0.901961 0.886275
0.988235 0.898039 0.886275
0.988235 0.898039 0.882353
0.988235 0.894118 0.878431
0.992157 0.890196 0.874510
0.992157 0.886275 0.870588
0.992157 0.886275 0.870588
0.992157 0.882353 0.866667
0.992157 0.878431 0.862745
0.992157 0.878431 0.858824
0.992157 0.874510 0.854902
0.992157 0.870588 0.854902
0.992157 0.870588 0.850980
0.992157 0.866667 0.847059
0.992157 0.862745 0.843137
0.992157 0.862745 0.839216
0.992157 0.858824 0.839216
0.996078 0.854902 0.835294
0.996078 0.854902 0.831373
0.996078 0.850980 0.827451
0.996078 0.847059 0.823529
0.996078 0.843137 0.823529
0.996078 0.843137 0.819608
0.996078 0.839216 0.815686
0.996078 0.835294 0.811765
0.996078 0.835294 0.807843
0.996078 0.831373 0.807843
0.996078 0.827451 0.803922
0.996078 0.827451 0.800000
0.996078 0.823529 0.796078
0.996078 0.819608 0.792157
0.996078 0.819608 0.792157
0.996078 0.815686 0.788235
0.996078 0.811765 0.784314
0.996078 0.811765 0.780392
0.996078 0.807843 0.776471
0.996078 0.803922 0.776471
0.996078 0.800000 0.772549
0.996078 0.800000 0.768627
0.996078 0.796078 0.764706
0.996078 0.792157 0.764706
0.996078 0.792157 0.760784
0.996078 0.788235 0.756863
0.996078 0.784314 0.752941
0.996078 0.784314 0.749020
1.000000 0.780392 0.749020
1.000000 0.776471 0.745098
1.000000 0.776471 0.741176
1.000000 0.772549 0.737255
1.000000 0.768627 0.733333
1.000000 0.764706 0.733333
1.000000 0.764706 0.729412
1.000000 0.760784 0.725490
1.000000 0.756863 0.721569
1.000000 0.756863 0.721569
1.000000 0.752941 0.717647
0.996078 0.749020 0.713725
0.996078 0.749020 0.709804
0.996078 0.745098 0.705882
0.996078 0.741176 0.705882
0.996078 0.741176 0.701961
0.996078 0.737255 0.698039
0.996078 0.733333 0.694118
0.996078 0.729412 0.694118
0.996078 0.729412 0.690196
0.996078 0.725490 0.686275
0.996078 0.721569 0.682353
0.996078 0.721569 0.678431
0.996078 0.717647 0.678431
0.996078 0.713725 0.674510
0.996078 0.713725 0.670588
0.996078 0.709804 0.666667
0.996078 0.705882 0.666667
0.996078 0.705882 0.662745
0.996078 0.701961 0.658824
0.996078 0.698039 0.654902
0.996078 0.694118 0.654902
0.996078 0.694118 0.650980
0.996078 0.690196 0.647059
0.996078 0.686275 0.643137
0.996078 0.686275 0.639216
0.996078 0.682353 0.639216
0.996078 0.678431 0.635294
0.996078 0.678431 0.631373
0.996078 0.674510 0.627451
0.992157 0.670588 0.627451
0.992157 0.666667 0.623529
0.992157 0.666667 0.619608
0.992157 0.662745 0.615686
0.992157 0.658824 0.615686
0.992157 0.658824 0.611765
0.992157 0.654902 0.607843
0.992157 0.650980 0.603922
0.992157 0.650980 0.603922
0.992157 0.647059 0.600000
0.992157 0.643137 0.596078
0.992157 0.639216 0.592157
0.992157 0.639216 0.592157
0.992157 0.635294 0.588235
0.992157 0.631373 0.584314
0.988235 0.631373 0.580392
0.988235 0.627451 0.580392
