0.030802 0.136849 0.249846
0.034277 0.143713 0.257324
0.037878 0.150540 0.264790
0.041568 0.157336 0.272247
0.045172 0.164104 0.279698
0.048702 0.170845 0.287140
0.052147 0.177566 0.294579
0.055514 0.184267 0.302014
0.058783 0.190955 0.309453
0.062032 0.197627 0.316849
0.065219 0.204292 0.324207
0.068339 0.210954 0.331524
0.071425 0.217611 0.338788
0.074448 0.224269 0.345998
0.077424 0.230931 0.353144
0.080383 0.237596 0.360203
0.083359 0.244266 0.367148
0.086366 0.250944 0.373953
0.089484 0.257628 0.380566
0.092841 0.264315 0.386899
0.096683 0.270988 0.392840
0.101339 0.277616 0.398276
0.107261 0.284140 0.403133
0.114402 0.290531 0.407570
0.122494 0.296788 0.411759
0.131087 0.302945 0.415863
0.139926 0.309028 0.419941
0.148888 0.315055 0.424017
0.157851 0.321042 0.428120
0.166800 0.326997 0.432242
0.175679 0.332930 0.436405
0.184507 0.338844 0.440590
0.193282 0.344741 0.444797
0.201987 0.350629 0.449036
0.210626 0.356509 0.453305
0.219210 0.362383 0.457596
0.227728 0.368255 0.461923
0.236194 0.374125 0.466276
0.244612 0.379995 0.470654
0.252987 0.385866 0.475058
0.261334 0.391738 0.479480
0.269639 0.397615 0.483930
0.277905 0.403499 0.488411
0.286136 0.409389 0.492920
0.294339 0.415287 0.497455
0.302533 0.421190 0.502005
0.310698 0.427103 0.506585
0.318837 0.433028 0.511196
0.326966 0.438963 0.515828
0.335082 0.444909 0.520486
0.343174 0.450869 0.525177
0.351266 0.456840 0.529887
0.359351 0.462825 0.534622
0.367417 0.468827 0.539391
0.375497 0.474840 0.544174
0.383563 0.480871 0.548992
0.391620 0.486920 0.553842
0.399689 0.492983 0.558711
0.407745 0.499067 0.563617
0.415824 0.505165 0.568536
0.423887 0.511286 0.573498
0.431962 0.517424 0.578483
0.440044 0.523583 0.583496
0.448131 0.529762 0.588538
0.456226 0.535963 0.593612
0.464324 0.542187 0.598720
0.472449 0.548429 0.603844
0.480582 0.554695 0.608998
0.488717 0.560987 0.614189
0.496870 0.567302 0.619402
0.505023 0.573646 0.624657
0.513202 0.580012 0.629928
0.521384 0.586407 0.635241
0.529584 0.592828 0.640582
0.537799 0.599277 0.645955
0.546031 0.605754 0.651359
0.554280 0.612259 0.656796
0.562543 0.618794 0.662271
0.570832 0.625357 0.667772
0.579133 0.631952 0.673315
0.587459 0.638576 0.678887
0.595802 0.645232 0.684499
0.604167 0.651920 0.690148
0.612561 0.658639 0.695825
0.620970 0.665392 0.701548
0.629409 0.672177 0.707303
0.637869 0.678996 0.713098
0.646353 0.685851 0.718934
0.654867 0.692739 0.724806
0.663405 0.699663 0.730719
0.671971 0.706624 0.736673
0.680569 0.713619 0.742662
0.689190 0.720654 0.748700
0.697842 0.727726 0.754778
0.706527 0.734835 0.760896
0.715240 0.741984 0.767060
0.723982 0.749173 0.773269
0.732759 0.756402 0.779521
0.741571 0.763670 0.785815
0.750411 0.770981 0.792160
0.759286 0.778334 0.798551
0.768196 0.785728 0.804987
0.777142 0.793164 0.811468
0.786121 0.800643 0.817997
0.795130 0.808164 0.824578
0.804173 0.815727 0.831203
0.813246 0.823328 0.837873
0.822349 0.830965 0.844582
0.831474 0.838632 0.851326
0.840613 0.846324 0.858101
0.849754 0.854029 0.864896
0.858885 0.861732 0.871696
0.867984 0.869414 0.878479
0.877020 0.877048 0.885224
0.885965 0.884600 0.891891
0.894769 0.892028 0.898445
0.903385 0.899278 0.904826
0.911745 0.906291 0.910979
0.919777 0.912996 0.916836
0.927399 0.919314 0.922316
0.934527 0.925157 0.927331
0.941057 0.930438 0.931803
0.946905 0.935065 0.935634
0.951978 0.938952 0.938741
0.956186 0.942021 0.941057
0.959458 0.944205 0.942513
0.961736 0.945455 0.943069
0.962966 0.945745 0.942715
0.962972 0.945163 0.941108
0.961909 0.943697 0.937943
0.959916 0.941287 0.933716
0.957038 0.937985 0.928514
0.953335 0.933857 0.922435
0.948887 0.928984 0.915569
0.943779 0.923453 0.908004
0.938102 0.917354 0.899851
0.931949 0.910778 0.891188
0.925404 0.903811 0.882118
0.918550 0.896532 0.872709
0.911454 0.889012 0.863052
0.904182 0.881313 0.853198
0.896787 0.873487 0.843198
0.889310 0.865575 0.833103
0.881785 0.857613 0.822949
0.874240 0.849627 0.812758
0.866695 0.841636 0.802557
0.859164 0.833656 0.792356
0.851661 0.825697 0.782163
0.844188 0.817767 0.771998
0.836755 0.809870 0.761855
0.829363 0.802010 0.751739
0.822012 0.794188 0.741660
0.814706 0.786405 0.731616
0.807443 0.778663 0.721606
0.800224 0.770960 0.711632
0.793049 0.763298 0.701695
0.785916 0.755674 0.691796
0.778824 0.748089 0.681937
0.771776 0.740543 0.672106
0.764770 0.733034 0.662312
0.757802 0.725563 0.652557
0.750875 0.718128 0.642839
0.743986 0.710729 0.633158
0.737138 0.703365 0.623503
0.730327 0.696036 0.613888
0.723552 0.688742 0.604312
0.716814 0.681481 0.594768
0.710113 0.674253 0.585253
0.703446 0.667058 0.575778
0.696813 0.659895 0.566340
0.690218 0.652763 0.556925
0.683653 0.645662 0.547551
0.677119 0.638591 0.538218
0.670621 0.631551 0.528904
0.664153 0.624539 0.519629
0.657715 0.617557 0.510393
0.651311 0.610602 0.501175
0.644934 0.603675 0.491997
0.638586 0.596776 0.482852
0.632268 0.589903 0.473735
0.625977 0.583057 0.464645
0.619702 0.576240 0.455605
0.613447 0.569450 0.446598
0.607218 0.562687 0.437611
0.601001 0.555952 0.428672
0.594806 0.549243 0.419758
0.588633 0.542559 0.410859
0.582470 0.535902 0.402008
0.576325 0.529270 0.393184
0.570197 0.522662 0.384382
0.564083 0.516080 0.375612
0.557977 0.509522 0.366882
0.551886 0.502989 0.358175
0.545807 0.496479 0.349493
0.539739 0.489992 0.340835
0.533673 0.483530 0.332223
0.527615 0.477092 0.323636
0.521565 0.470676 0.315068
0.515519 0.464284 0.306527
0.509475 0.457915 0.298013
0.503431 0.451569 0.289530
0.497385 0.445246 0.281076
0.491335 0.438948 0.272641
0.485277 0.432674 0.264241
0.479210 0.426425 0.255867
0.473128 0.420202 0.247520
0.467030 0.414005 0.239201
0.460910 0.407836 0.230909
0.454760 0.401697 0.222644
0.448568 0.395593 0.214430
0.442334 0.389524 0.206239
0.436030 0.383499 0.198121
0.429646 0.377523 0.190061
0.423147 0.371609 0.182096
0.416487 0.365774 0.174297
0.409597 0.360043 0.166759
0.402384 0.354447 0.159705
0.394781 0.349000 0.153455
0.386877 0.343649 0.148225
0.378866 0.338314 0.143853
0.370879 0.332952 0.140035
0.362957 0.327554 0.136546
0.355109 0.322123 0.133262
0.347325 0.316665 0.130112
0.339607 0.311183 0.127035
0.331939 0.305682 0.124038
0.324328 0.300161 0.121064
0.316762 0.294624 0.118117
0.309233 0.289074 0.115203
0.301732 0.283514 0.112290
0.294253 0.277949 0.109352
0.286790 0.272378 0.106394
0.279346 0.266799 0.103409
0.271919 0.261212 0.100400
0.264507 0.255618 0.097368
0.257110 0.250013 0.094308
0.249728 0.244398 0.091222
0.242356 0.238772 0.088112
0.235001 0.233132 0.084966
0.227652 0.227479 0.081796
0.220318 0.221810 0.078589
0.212990 0.216126 0.075353
0.205670 0.210424 0.072084
0.198357 0.204702 0.068777
0.191050 0.198960 0.065434
0.183744 0.193196 0.062054
0.176442 0.187408 0.058632
0.169140 0.181595 0.055169
0.161836 0.175755 0.051662
0.154527 0.169884 0.048109
0.147214 0.163982 0.044506
0.139892 0.158046 0.040852
0.132557 0.152074 0.037168
0.125208 0.146062 0.033626
0.117838 0.140009 0.030239
0.110421 0.133917 0.027039
