0.000000 0.000000 0.000000
0.023529 0.000000 0.000000
0.050980 0.000000 0.000000
0.070588 0.000000 0.000000
0.086275 0.000000 0.000000
0.098039 0.000000 0.000000
0.109804 0.000000 0.000000
0.121569 0.000000 0.000000
0.133333 0.000000 0.000000
0.141176 0.000000 0.000000
0.149020 0.000000 0.000000
0.156863 0.000000 0.000000
0.168627 0.000000 0.000000
0.176471 0.000000 0.000000
0.180392 0.000000 0.000000
0.188235 0.000000 0.000000
0.196078 0.000000 0.000000
0.203922 0.000000 0.000000
0.207843 0.000000 0.000000
0.215686 0.000000 0.000000
0.219608 0.000000 0.000000
0.227451 0.000000 0.000000
0.231373 0.000000 0.000000
0.239216 0.000000 0.000000
0.243137 0.000000 0.000000
0.250980 0.000000 0.000000
0.254902 0.000000 0.000000
0.262745 0.000000 0.000000
0.266667 0.000000 0.000000
0.274510 0.000000 0.000000
0.278431 0.000000 0.000000
0.286275 0.000000 0.000000
0.290196 0.000000 0.000000
0.298039 0.000000 0.000000
0.301961 0.000000 0.000000
0.309804 0.000000 0.000000
0.313725 0.000000 0.000000
0.321569 0.000000 0.000000
0.325490 0.000000 0.000000
0.333333 0.000000 0.000000
0.337255 0.000000 0.000000
0.345098 0.000000 0.000000
0.349020 0.003922 0.000000
0.356863 0.003922 0.000000
0.364706 0.003922 0.000000
0.368627 0.003922 0.000000
0.376471 0.003922 0.000000
0.380392 0.003922 0.000000
0.388235 0.003922 0.000000
0.396078 0.003922 0.000000
0.400000 0.003922 0.000000
0.407843 0.003922 0.000000
0.411765 0.003922 0.000000
0.419608 0.003922 0.000000
0.427451 0.003922 0.000000
0.431373 0.003922 0.000000
0.439216 0.003922 0.000000
0.443137 0.003922 0.000000
0.450980 0.003922 0.000000
0.458824 0.003922 0.000000
0.462745 0.003922 0.000000
0.470588 0.007843 0.000000
0.478431 0.007843 0.000000
0.482353 0.007843 0.000000
0.490196 0.007843 0.000000
0.498039 0.007843 0.000000
0.501961 0.007843 0.000000
0.509804 0.007843 0.000000
0.517647 0.007843 0.000000
0.521569 0.007843 0.000000
0.529412 0.007843 0.000000
0.537255 0.007843 0.000000
0.541176 0.007843 0.000000
0.549020 0.011765 0.000000
0.556863 0.011765 0.000000
0.564706 0.011765 0.000000
0.568627 0.011765 0.000000
0.576471 0.011765 0.000000
0.584314 0.011765 0.000000
0.588235 0.011765 0.000000
0.596078 0.011765 0.000000
0.603922 0.011765 0.000000
0.611765 0.011765 0.000000
0.615686 0.015686 0.000000
0.623529 0.015686 0.000000
0.631373 0.015686 0.000000
0.635294 0.015686 0.000000
0.643137 0.015686 0.000000
0.650980 0.015686 0.000000
0.658824 0.015686 0.000000
0.662745 0.015686 0.000000
0.670588 0.019608 0.000000
0.678431 0.019608 0.000000
0.686275 0.019608 0.000000
0.690196 0.019608 0.000000
0.698039 0.019608 0.000000
0.705882 0.019608 0.000000
0.713725 0.023529 0.000000
0.721569 0.023529 0.000000
0.725490 0.023529 0.000000
0.733333 0.023529 0.000000
0.741176 0.023529 0.000000
0.749020 0.027451 0.000000
0.752941 0.027451 0.000000
0.760784 0.027451 0.000000
0.768627 0.027451 0.000000
0.776471 0.031373 0.000000
0.784314 0.031373 0.000000
0.788235 0.031373 0.000000
0.796078 0.031373 0.000000
0.803922 0.035294 0.000000
0.811765 0.035294 0.000000
0.819608 0.035294 0.000000
0.823529 0.039216 0.000000
0.831373 0.039216 0.000000
0.839216 0.039216 0.000000
0.847059 0.043137 0.000000
0.854902 0.043137 0.000000
0.858824 0.047059 0.000000
0.866667 0.047059 0.000000
0.874510 0.050980 0.000000
0.882353 0.050980 0.000000
0.890196 0.054902 0.000000
0.894118 0.058824 0.000000
0.901961 0.058824 0.000000
0.909804 0.062745 0.000000
0.917647 0.066667 0.000000
0.921569 0.074510 0.000000
0.929412 0.078431 0.000000
0.933333 0.086275 0.000000
0.941176 0.094118 0.000000
0.945098 0.105882 0.000000
0.949020 0.113725 0.000000
0.952941 0.125490 0.000000
0.960784 0.137255 0.000000
0.964706 0.149020 0.000000
0.964706 0.160784 0.000000
0.968627 0.172549 0.000000
0.972549 0.184314 0.000000
0.976471 0.196078 0.000000
0.976471 0.207843 0.000000
0.980392 0.219608 0.000000
0.980392 0.231373 0.000000
0.984314 0.239216 0.000000
0.984314 0.250980 0.000000
0.984314 0.262745 0.000000
0.988235 0.274510 0.000000
0.988235 0.286275 0.000000
0.988235 0.294118 0.000000
0.992157 0.305882 0.000000
0.992157 0.317647 0.000000
0.992157 0.325490 0.000000
0.992157 0.337255 0.000000
0.992157 0.345098 0.000000
0.996078 0.356863 0.000000
0.996078 0.364706 0.000000
0.996078 0.372549 0.000000
0.996078 0.384314 0.000000
0.996078 0.392157 0.000000
0.996078 0.400000 0.000000
0.996078 0.407843 0.000000
0.996078 0.419608 0.000000
0.996078 0.427451 0.000000
0.996078 0.435294 0.000000
0.996078 0.443137 0.000000
0.996078 0.450980 0.000000
0.996078 0.458824 0.000000
0.996078 0.466667 0.000000
0.996078 0.474510 0.000000
0.996078 0.486275 0.000000
1.000000 0.494118 0.000000
1.000000 0.501961 0.000000
1.000000 0.509804 0.000000
1.000000 0.513725 0.000000
1.000000 0.521569 0.000000
1.000000 0.529412 0.000000
1.000000 0.537255 0.000000
1.000000 0.545098 0.000000
1.000000 0.552941 0.000000
1.000000 0.560784 0.000000
1.000000 0.568627 0.000000
1.000000 0.576471 0.000000
1.000000 0.580392 0.000000
1.000000 0.588235 0.000000
1.000000 0.596078 0.000000
1.000000 0.603922 0.000000
1.000000 0.611765 0.000000
1.000000 0.615686 0.000000
1.000000 0.623529 0.000000
1.000000 0.631373 0.000000
1.000000 0.639216 0.000000
1.000000 0.643137 0.003922
1.000000 0.650980 0.003922
1.000000 0.658824 0.003922
1.000000 0.666667 0.003922
1.000000 0.670588 0.003922
1.000000 0.678431 0.003922
1.000000 0.686275 0.003922
1.000000 0.690196 0.003922
1.000000 0.698039 0.007843
1.000000 0.705882 0.007843
1.000000 0.709804 0.007843
1.000000 0.717647 0.007843
1.000000 0.725490 0.007843
1.000000 0.729412 0.007843
1.000000 0.737255 0.011765
1.000000 0.741176 0.011765
1.000000 0.749020 0.011765
1.000000 0.756863 0.011765
1.000000 0.760784 0.015686
1.000000 0.768627 0.015686
1.000000 0.776471 0.015686
1.000000 0.780392 0.015686
1.000000 0.788235 0.019608
1.000000 0.792157 0.019608
1.000000 0.800000 0.019608
1.000000 0.807843 0.023529
1.000000 0.811765 0.023529
1.000000 0.819608 0.023529
1.000000 0.823529 0.027451
1.000000 0.831373 0.027451
1.000000 0.835294 0.031373
1.000000 0.843137 0.031373
1.000000 0.850980 0.035294
1.000000 0.854902 0.035294
1.000000 0.862745 0.039216
1.000000 0.866667 0.039216
1.000000 0.874510 0.043137
1.000000 0.878431 0.043137
1.000000 0.886275 0.047059
1.000000 0.890196 0.050980
1.000000 0.898039 0.054902
1.000000 0.901961 0.058824
1.000000 0.909804 0.062745
1.000000 0.917647 0.066667
1.000000 0.921569 0.070588
1.000000 0.929412 0.078431
1.000000 0.933333 0.090196
1.000000 0.941176 0.101961
1.000000 0.945098 0.117647
1.000000 0.952941 0.141176
1.000000 0.956863 0.164706
1.000000 0.960784 0.196078
1.000000 0.968627 0.231373
1.000000 0.972549 0.278431
1.000000 0.976471 0.325490
1.000000 0.984314 0.384314
1.000000 0.984314 0.447059
1.000000 0.988235 0.513725
1.000000 0.992157 0.584314
1.000000 0.996078 0.658824
1.000000 0.996078 0.729412
1.000000 0.996078 0.800000
1.000000 0.996078 0.870588
1.000000 0.996078 0.933333
1.000000 1.000000 1.000000
