0.188235 0.188235 0.188235
0.192157 0.188235 0.196078
0.196078 0.188235 0.207843
0.200000 0.192157 0.215686
0.200000 0.192157 0.227451
0.203922 0.192157 0.239216
0.207843 0.196078 0.247059
0.211765 0.196078 0.258824
0.215686 0.200000 0.266667
0.215686 0.200000 0.278431
0.219608 0.200000 0.286275
0.223529 0.203922 0.298039
0.227451 0.203922 0.305882
0.227451 0.203922 0.317647
0.231373 0.207843 0.325490
0.231373 0.207843 0.337255
0.235294 0.207843 0.345098
0.235294 0.211765 0.356863
0.239216 0.211765 0.364706
0.239216 0.215686 0.376471
0.243137 0.215686 0.384314
0.243137 0.215686 0.396078
0.247059 0.219608 0.403922
0.247059 0.219608 0.415686
0.250980 0.223529 0.423529
0.250980 0.223529 0.431373
0.250980 0.223529 0.443137
0.250980 0.227451 0.450980
0.254902 0.227451 0.462745
0.254902 0.231373 0.470588
0.254902 0.231373 0.478431
0.254902 0.235294 0.490196
0.258824 0.235294 0.498039
0.258824 0.239216 0.505882
0.258824 0.239216 0.517647
0.258824 0.243137 0.525490
0.258824 0.243137 0.533333
0.258824 0.247059 0.541176
0.258824 0.247059 0.549020
0.258824 0.250980 0.560784
0.258824 0.250980 0.568627
0.262745 0.254902 0.576471
0.262745 0.254902 0.584314
0.258824 0.258824 0.592157
0.258824 0.258824 0.600000
0.258824 0.262745 0.607843
0.258824 0.266667 0.615686
0.258824 0.266667 0.623529
0.258824 0.270588 0.631373
0.258824 0.270588 0.639216
0.258824 0.274510 0.647059
0.258824 0.278431 0.654902
0.254902 0.278431 0.662745
0.254902 0.282353 0.670588
0.254902 0.286275 0.674510
0.254902 0.286275 0.682353
0.254902 0.290196 0.690196
0.250980 0.294118 0.698039
0.250980 0.298039 0.701961
0.250980 0.298039 0.709804
0.247059 0.301961 0.713725
0.247059 0.305882 0.721569
0.247059 0.309804 0.725490
0.243137 0.313725 0.733333
0.243137 0.313725 0.737255
0.243137 0.317647 0.741176
0.239216 0.321569 0.745098
0.239216 0.325490 0.752941
0.239216 0.329412 0.756863
0.235294 0.333333 0.760784
0.235294 0.337255 0.764706
0.231373 0.341176 0.768627
0.231373 0.345098 0.768627
0.227451 0.349020 0.772549
0.227451 0.352941 0.776471
0.227451 0.356863 0.776471
0.223529 0.360784 0.780392
0.223529 0.364706 0.780392
0.219608 0.368627 0.784314
0.219608 0.372549 0.784314
0.215686 0.376471 0.784314
0.211765 0.380392 0.784314
0.211765 0.388235 0.784314
0.207843 0.392157 0.784314
0.207843 0.396078 0.784314
0.203922 0.400000 0.780392
0.200000 0.407843 0.776471
0.200000 0.411765 0.776471
0.196078 0.415686 0.772549
0.192157 0.423529 0.768627
0.188235 0.427451 0.760784
0.184314 0.431373 0.756863
0.180392 0.439216 0.749020
0.172549 0.447059 0.741176
0.168627 0.450980 0.733333
0.164706 0.458824 0.725490
0.156863 0.462745 0.713725
0.152941 0.470588 0.705882
0.149020 0.474510 0.698039
0.145098 0.478431 0.690196
0.141176 0.486275 0.682353
0.137255 0.490196 0.674510
0.133333 0.494118 0.662745
0.133333 0.501961 0.654902
0.133333 0.505882 0.647059
0.129412 0.509804 0.639216
0.129412 0.513725 0.631373
0.133333 0.521569 0.623529
0.133333 0.525490 0.615686
0.133333 0.529412 0.607843
0.137255 0.533333 0.600000
0.141176 0.537255 0.592157
0.145098 0.541176 0.584314
0.149020 0.545098 0.576471
0.152941 0.552941 0.568627
0.156863 0.556863 0.556863
0.164706 0.560784 0.549020
0.168627 0.564706 0.545098
0.176471 0.568627 0.537255
0.184314 0.572549 0.529412
0.188235 0.576471 0.521569
0.196078 0.576471 0.513725
0.203922 0.580392 0.505882
0.211765 0.584314 0.498039
0.219608 0.588235 0.490196
0.227451 0.592157 0.482353
0.239216 0.596078 0.474510
0.247059 0.600000 0.466667
0.254902 0.603922 0.458824
0.262745 0.603922 0.450980
0.274510 0.607843 0.443137
0.282353 0.611765 0.435294
0.294118 0.615686 0.431373
0.301961 0.619608 0.423529
0.313725 0.619608 0.415686
0.321569 0.623529 0.407843
0.333333 0.627451 0.400000
0.345098 0.627451 0.392157
0.352941 0.631373 0.384314
0.364706 0.635294 0.376471
0.376471 0.635294 0.368627
0.388235 0.639216 0.364706
0.396078 0.643137 0.356863
0.407843 0.643137 0.349020
0.419608 0.647059 0.341176
0.431373 0.647059 0.333333
0.443137 0.650980 0.325490
0.454902 0.650980 0.317647
0.466667 0.654902 0.309804
0.474510 0.654902 0.305882
0.486275 0.658824 0.298039
0.498039 0.658824 0.290196
0.505882 0.662745 0.282353
0.517647 0.662745 0.274510
0.525490 0.666667 0.266667
0.537255 0.666667 0.258824
0.545098 0.670588 0.250980
0.556863 0.670588 0.247059
0.568627 0.674510 0.239216
0.576471 0.674510 0.231373
0.584314 0.678431 0.223529
0.596078 0.678431 0.215686
0.603922 0.678431 0.207843
0.615686 0.682353 0.203922
0.623529 0.682353 0.196078
0.635294 0.686275 0.188235
0.643137 0.686275 0.180392
0.654902 0.690196 0.172549
0.662745 0.690196 0.164706
0.674510 0.690196 0.156863
0.682353 0.694118 0.152941
0.694118 0.694118 0.145098
0.701961 0.694118 0.137255
0.713725 0.698039 0.129412
0.721569 0.698039 0.125490
0.733333 0.698039 0.117647
0.741176 0.701961 0.109804
0.752941 0.701961 0.101961
0.760784 0.701961 0.098039
0.772549 0.701961 0.090196
0.784314 0.705882 0.086275
0.792157 0.705882 0.082353
0.803922 0.705882 0.078431
0.811765 0.705882 0.074510
0.823529 0.705882 0.070588
0.835294 0.709804 0.070588
0.847059 0.709804 0.066667
0.854902 0.709804 0.070588
0.866667 0.709804 0.070588
0.874510 0.709804 0.070588
0.886275 0.713725 0.070588
0.894118 0.713725 0.074510
0.901961 0.713725 0.074510
0.905882 0.717647 0.074510
0.913725 0.717647 0.074510
0.921569 0.721569 0.074510
0.925490 0.721569 0.074510
0.929412 0.725490 0.074510
0.937255 0.729412 0.074510
0.941176 0.729412 0.074510
0.945098 0.733333 0.078431
0.949020 0.737255 0.078431
0.952941 0.741176 0.078431
0.956863 0.741176 0.078431
0.960784 0.745098 0.078431
0.960784 0.749020 0.078431
0.964706 0.752941 0.078431
0.968627 0.756863 0.078431
0.972549 0.760784 0.078431
0.972549 0.764706 0.078431
0.976471 0.768627 0.074510
0.976471 0.772549 0.074510
0.980392 0.776471 0.074510
0.980392 0.780392 0.074510
0.984314 0.784314 0.074510
0.984314 0.788235 0.074510
0.988235 0.792157 0.074510
0.988235 0.796078 0.074510
0.988235 0.800000 0.074510
0.992157 0.803922 0.074510
0.992157 0.807843 0.074510
0.992157 0.811765 0.070588
0.992157 0.815686 0.070588
0.996078 0.819608 0.070588
0.996078 0.827451 0.070588
0.996078 0.831373 0.070588
0.996078 0.835294 0.070588
0.996078 0.839216 0.070588
0.996078 0.843137 0.066667
0.996078 0.847059 0.066667
0.996078 0.850980 0.066667
0.996078 0.858824 0.066667
0.996078 0.862745 0.066667
0.996078 0.866667 0.062745
0.996078 0.870588 0.062745
0.996078 0.874510 0.062745
0.996078 0.882353 0.062745
0.996078 0.886275 0.062745
0.996078 0.890196 0.058824
0.992157 0.894118 0.058824
0.992157 0.898039 0.058824
0.992157 0.905882 0.054902
0.992157 0.909804 0.054902
0.992157 0.913725 0.054902
0.988235 0.917647 0.054902
0.988235 0.925490 0.050980
0.988235 0.929412 0.050980
0.984314 0.933333 0.050980
0.984314 0.937255 0.047059
0.984314 0.945098 0.047059
0.980392 0.949020 0.043137
0.980392 0.952941 0.043137
0.980392 0.956863 0.043137
0.976471 0.964706 0.039216
0.976471 0.968627 0.039216
0.972549 0.972549 0.035294
