0.000001 0.000002 0.000006
0.000260 0.000263 0.000277
0.000866 0.000857 0.000879
0.001769 0.001740 0.001769
0.002949 0.002892 0.002924
0.004392 0.004299 0.004333
0.006089 0.005953 0.005988
0.008031 0.007846 0.007880
0.010215 0.009975 0.010006
0.012635 0.012335 0.012361
0.015289 0.014923 0.014942
0.018174 0.017737 0.017748
0.021287 0.020774 0.020775
0.024627 0.024033 0.024022
0.028191 0.027513 0.027488
0.031980 0.031213 0.031171
0.035992 0.035131 0.035072
0.040226 0.039268 0.039189
0.044490 0.043501 0.043406
0.048704 0.047678 0.047568
0.052874 0.051813 0.051687
0.057003 0.055909 0.055767
0.061095 0.059968 0.059811
0.065152 0.063994 0.063820
0.069177 0.067988 0.067798
0.073171 0.071952 0.071747
0.077136 0.075889 0.075668
0.081075 0.079800 0.079563
0.084988 0.083686 0.083434
0.088878 0.087550 0.087281
0.092745 0.091392 0.091108
0.096591 0.095214 0.094914
0.100418 0.099017 0.098700
0.104226 0.102801 0.102469
0.108016 0.106569 0.106221
0.111789 0.110321 0.109956
0.115546 0.114057 0.113676
0.119289 0.117779 0.117382
0.123017 0.121487 0.121074
0.126731 0.125183 0.124753
0.130433 0.128866 0.128420
0.134123 0.132538 0.132075
0.137801 0.136199 0.135720
0.141468 0.139849 0.139353
0.145125 0.143490 0.142977
0.148772 0.147121 0.146592
0.152410 0.150743 0.150198
0.156039 0.154358 0.153795
0.159660 0.157964 0.157385
0.163273 0.161563 0.160967
0.166878 0.165155 0.164542
0.170477 0.168740 0.168111
0.174069 0.172320 0.171673
0.177655 0.175893 0.175229
0.181234 0.179461 0.178780
0.184808 0.183024 0.182326
0.188377 0.186582 0.185866
0.191942 0.190135 0.189403
0.195501 0.193684 0.192935
0.199056 0.197230 0.196463
0.202608 0.200772 0.199987
0.206155 0.204310 0.203508
0.209700 0.207845 0.207026
0.213241 0.211378 0.210541
0.216779 0.214908 0.214053
0.220314 0.218436 0.217563
0.223848 0.221961 0.221071
0.227378 0.225485 0.224577
0.230907 0.229007 0.228081
0.234435 0.232528 0.231584
0.237960 0.236048 0.235086
0.241485 0.239566 0.238586
0.245008 0.243084 0.242086
0.248531 0.246601 0.245585
0.252052 0.250117 0.249083
0.255574 0.253634 0.252581
0.259095 0.257150 0.256079
0.262615 0.260667 0.259577
0.266136 0.264183 0.263076
0.269657 0.267701 0.266574
0.273178 0.271218 0.270074
0.276700 0.274737 0.273574
0.280223 0.278256 0.277075
0.283746 0.281777 0.280577
0.287270 0.285299 0.284080
0.290796 0.288822 0.287584
0.294323 0.292347 0.291090
0.297851 0.295873 0.294598
0.301381 0.299402 0.298107
0.304912 0.302932 0.301618
0.308446 0.306464 0.305132
0.311981 0.309999 0.308647
0.315519 0.313536 0.312165
0.319059 0.317076 0.315685
0.322602 0.320618 0.319208
0.326146 0.324163 0.322733
0.329694 0.327710 0.326262
0.333244 0.331261 0.329793
0.336798 0.334815 0.333327
0.340354 0.338372 0.336865
0.343914 0.341933 0.340406
0.347477 0.345496 0.343950
0.351043 0.349064 0.347498
0.354613 0.352635 0.351049
0.358186 0.356210 0.354604
0.361763 0.359789 0.358163
0.365344 0.363372 0.361726
0.368929 0.366960 0.365294
0.372518 0.370551 0.368865
0.376112 0.374147 0.372441
0.379709 0.377747 0.376021
0.383311 0.381352 0.379605
0.386918 0.384962 0.383195
0.390529 0.388576 0.386789
0.394145 0.392196 0.390387
0.397766 0.395820 0.393991
0.401392 0.399449 0.397600
0.405022 0.403084 0.401214
0.408658 0.406724 0.404833
0.412299 0.410369 0.408458
0.415946 0.414020 0.412088
0.419598 0.417676 0.415723
0.423256 0.421338 0.419364
0.426919 0.425006 0.423011
0.430588 0.428680 0.426664
0.434263 0.432360 0.430322
0.437943 0.436046 0.433987
0.441630 0.439738 0.437658
0.445323 0.443436 0.441335
0.449022 0.447141 0.445018
0.452728 0.450852 0.448708
0.456440 0.454570 0.452404
0.460159 0.458294 0.456107
0.463884 0.462025 0.459817
0.467616 0.465763 0.463533
0.471354 0.469508 0.467256
0.475100 0.473260 0.470986
0.478853 0.477019 0.474723
0.482613 0.480786 0.478468
0.486380 0.484559 0.482219
0.490154 0.488340 0.485978
0.493936 0.492129 0.489745
0.497725 0.495925 0.493519
0.501521 0.499729 0.497300
0.505326 0.503541 0.501090
0.509138 0.507360 0.504887
0.512958 0.511188 0.508692
0.516786 0.515023 0.512505
0.520622 0.518867 0.516326
0.524467 0.522719 0.520155
0.528319 0.526579 0.523992
0.532180 0.530448 0.527838
0.536049 0.534325 0.531693
0.539927 0.538211 0.535556
0.543813 0.542105 0.539427
0.547709 0.546009 0.543307
0.551613 0.549921 0.547196
0.555525 0.553842 0.551094
0.559447 0.557773 0.555002
0.563378 0.561712 0.558918
0.567319 0.565661 0.562843
0.571268 0.569619 0.566778
0.575227 0.573587 0.570722
0.579195 0.577564 0.574675
0.583173 0.581551 0.578638
0.587161 0.585548 0.582611
0.591158 0.589554 0.586594
0.595166 0.593570 0.590586
0.599183 0.597597 0.594589
0.603210 0.601634 0.598601
0.607248 0.605680 0.602624
0.611296 0.609738 0.606657
0.615354 0.613805 0.610700
0.619422 0.617883 0.614754
0.623502 0.621972 0.618818
0.627591 0.626072 0.622893
0.631692 0.630182 0.626979
0.635804 0.634303 0.631076
0.639926 0.638435 0.635183
0.644060 0.642579 0.639302
0.648205 0.646734 0.643431
0.652361 0.650900 0.647572
0.656528 0.655077 0.651725
0.660707 0.659266 0.655889
0.664898 0.663467 0.660064
0.669100 0.667679 0.664251
0.673314 0.671903 0.668450
0.677540 0.676139 0.672661
0.681778 0.680388 0.676884
0.686029 0.684648 0.681118
0.690291 0.688921 0.685365
0.694566 0.693206 0.689625
0.698853 0.697503 0.693896
0.703153 0.701814 0.698181
0.707465 0.706137 0.702478
0.711791 0.710472 0.706787
0.716129 0.714821 0.711110
0.720480 0.719183 0.715445
0.724845 0.723558 0.719794
0.729222 0.727946 0.724155
0.733613 0.732347 0.728530
0.738018 0.736762 0.732919
0.742436 0.741191 0.737321
0.746868 0.745633 0.741736
0.751313 0.750089 0.746166
0.755773 0.754560 0.750609
0.760247 0.759044 0.755066
0.764735 0.763542 0.759537
0.769237 0.768055 0.764023
0.773753 0.772582 0.768523
0.778285 0.777124 0.773037
0.782830 0.781681 0.777566
0.787391 0.786252 0.782110
0.791967 0.790838 0.786669
0.796557 0.795440 0.791242
0.801163 0.800056 0.795831
0.805785 0.804688 0.800435
0.810421 0.809335 0.805054
0.815073 0.813998 0.809689
0.819741 0.818676 0.814339
0.824425 0.823371 0.819005
0.829125 0.828081 0.823687
0.833841 0.832807 0.828385
0.838573 0.837550 0.833099
0.843321 0.842309 0.837829
0.848086 0.847085 0.842576
0.852868 0.851877 0.847339
0.857667 0.856686 0.852119
0.862482 0.861512 0.856916
0.867315 0.866354 0.861730
0.872164 0.871215 0.866561
0.877031 0.876092 0.871409
0.881916 0.880987 0.876274
0.886819 0.885900 0.881157
0.891739 0.890830 0.886058
0.896677 0.895778 0.890977
0.901633 0.900745 0.895913
0.906608 0.905729 0.900868
0.911601 0.910732 0.905841
0.916612 0.915754 0.910832
0.921642 0.920794 0.915842
0.926691 0.925853 0.920871
0.931760 0.930931 0.925918
0.936847 0.936028 0.930985
0.941954 0.941145 0.936071
0.947080 0.946281 0.941176
0.952226 0.951437 0.946301
0.957392 0.956612 0.951446
0.962578 0.961808 0.956610
0.967785 0.967024 0.961794
0.973011 0.972260 0.966999
0.978258 0.977516 0.972224
0.983526 0.982793 0.977470
0.988815 0.988091 0.982736
0.994125 0.993410 0.988023
0.999456 0.998750 0.993331
