0.219608 0.588235 0.054902
0.227451 0.592157 0.066667
0.235294 0.596078 0.078431
0.243137 0.596078 0.090196
0.250980 0.600000 0.101961
0.258824 0.603922 0.109804
0.266667 0.607843 0.121569
0.274510 0.607843 0.129412
0.278431 0.611765 0.137255
0.286275 0.615686 0.145098
0.294118 0.615686 0.156863
0.301961 0.619608 0.164706
0.305882 0.623529 0.172549
0.313725 0.627451 0.180392
0.321569 0.627451 0.188235
0.325490 0.631373 0.196078
0.333333 0.635294 0.200000
0.341176 0.635294 0.207843
0.345098 0.639216 0.215686
0.352941 0.643137 0.223529
0.360784 0.647059 0.231373
0.364706 0.647059 0.239216
0.372549 0.650980 0.243137
0.376471 0.654902 0.250980
0.384314 0.654902 0.258824
0.388235 0.658824 0.266667
0.396078 0.662745 0.270588
0.400000 0.662745 0.278431
0.407843 0.666667 0.286275
0.411765 0.670588 0.290196
0.419608 0.674510 0.298039
0.423529 0.674510 0.305882
0.431373 0.678431 0.309804
0.435294 0.682353 0.317647
0.443137 0.682353 0.325490
0.447059 0.686275 0.329412
0.454902 0.690196 0.337255
0.458824 0.694118 0.345098
0.466667 0.694118 0.349020
0.470588 0.698039 0.356863
0.478431 0.701961 0.364706
0.482353 0.701961 0.368627
0.486275 0.705882 0.376471
0.494118 0.709804 0.384314
0.498039 0.709804 0.388235
0.505882 0.713725 0.396078
0.509804 0.717647 0.403922
0.517647 0.721569 0.407843
0.521569 0.721569 0.415686
0.525490 0.725490 0.423529
0.533333 0.729412 0.427451
0.537255 0.729412 0.435294
0.541176 0.733333 0.439216
0.549020 0.737255 0.447059
0.552941 0.741176 0.454902
0.560784 0.741176 0.458824
0.564706 0.745098 0.466667
0.568627 0.749020 0.474510
0.576471 0.749020 0.478431
0.580392 0.752941 0.486275
0.588235 0.756863 0.494118
0.592157 0.756863 0.498039
0.596078 0.760784 0.505882
0.603922 0.764706 0.509804
0.607843 0.768627 0.517647
0.611765 0.768627 0.525490
0.619608 0.772549 0.529412
0.623529 0.776471 0.537255
0.627451 0.776471 0.545098
0.635294 0.780392 0.549020
0.639216 0.784314 0.556863
0.643137 0.784314 0.564706
0.650980 0.788235 0.568627
0.654902 0.792157 0.576471
0.658824 0.792157 0.584314
0.666667 0.796078 0.588235
0.670588 0.800000 0.596078
0.674510 0.803922 0.600000
0.682353 0.803922 0.607843
0.686275 0.807843 0.615686
0.690196 0.811765 0.619608
0.698039 0.811765 0.627451
0.701961 0.815686 0.635294
0.705882 0.819608 0.639216
0.713725 0.819608 0.647059
0.717647 0.823529 0.654902
0.721569 0.827451 0.658824
0.729412 0.831373 0.666667
0.733333 0.831373 0.674510
0.737255 0.835294 0.678431
0.745098 0.839216 0.686275
0.749020 0.839216 0.694118
0.752941 0.843137 0.698039
0.760784 0.847059 0.705882
0.764706 0.847059 0.713725
0.768627 0.850980 0.717647
0.776471 0.854902 0.725490
0.780392 0.854902 0.733333
0.784314 0.858824 0.737255
0.792157 0.862745 0.745098
0.796078 0.866667 0.752941
0.800000 0.866667 0.756863
0.807843 0.870588 0.764706
0.811765 0.874510 0.772549
0.815686 0.874510 0.776471
0.819608 0.878431 0.784314
0.827451 0.882353 0.792157
0.831373 0.882353 0.800000
0.835294 0.886275 0.803922
0.843137 0.890196 0.811765
0.847059 0.890196 0.819608
0.850980 0.894118 0.823529
0.858824 0.898039 0.831373
0.862745 0.898039 0.839216
0.866667 0.901961 0.843137
0.870588 0.905882 0.850980
0.878431 0.905882 0.858824
0.882353 0.909804 0.862745
0.886275 0.909804 0.870588
0.890196 0.913725 0.878431
0.894118 0.913725 0.882353
0.901961 0.917647 0.890196
0.905882 0.917647 0.894118
0.909804 0.917647 0.898039
0.909804 0.917647 0.905882
0.913725 0.921569 0.909804
0.917647 0.921569 0.913725
0.921569 0.917647 0.917647
0.921569 0.917647 0.921569
0.925490 0.917647 0.925490
0.925490 0.913725 0.925490
0.925490 0.913725 0.929412
0.925490 0.909804 0.933333
0.925490 0.905882 0.933333
0.925490 0.905882 0.933333
0.925490 0.901961 0.937255
0.925490 0.898039 0.937255
0.925490 0.894118 0.937255
0.925490 0.890196 0.937255
0.925490 0.886275 0.937255
0.921569 0.882353 0.937255
0.921569 0.878431 0.937255
0.921569 0.870588 0.937255
0.917647 0.866667 0.937255
0.917647 0.862745 0.937255
0.917647 0.858824 0.937255
0.913725 0.854902 0.937255
0.913725 0.850980 0.937255
0.913725 0.847059 0.937255
0.909804 0.839216 0.937255
0.909804 0.835294 0.937255
0.909804 0.831373 0.937255
0.905882 0.827451 0.933333
0.905882 0.823529 0.933333
0.905882 0.819608 0.933333
0.901961 0.815686 0.933333
0.901961 0.807843 0.933333
0.898039 0.803922 0.933333
0.898039 0.800000 0.933333
0.898039 0.796078 0.933333
0.894118 0.792157 0.933333
0.894118 0.788235 0.933333
0.894118 0.784314 0.933333
0.890196 0.776471 0.933333
0.890196 0.772549 0.929412
0.886275 0.768627 0.929412
0.886275 0.764706 0.929412
0.886275 0.760784 0.929412
0.882353 0.756863 0.929412
0.882353 0.752941 0.929412
0.878431 0.745098 0.929412
0.878431 0.741176 0.929412
0.878431 0.737255 0.929412
0.874510 0.733333 0.929412
0.874510 0.729412 0.929412
0.870588 0.725490 0.929412
0.870588 0.721569 0.925490
0.866667 0.713725 0.925490
0.866667 0.709804 0.925490
0.866667 0.705882 0.925490
0.862745 0.701961 0.925490
0.862745 0.698039 0.925490
0.858824 0.694118 0.925490
0.858824 0.686275 0.925490
0.858824 0.682353 0.925490
0.854902 0.678431 0.925490
0.854902 0.674510 0.925490
0.850980 0.670588 0.921569
0.850980 0.666667 0.921569
0.847059 0.662745 0.921569
0.847059 0.654902 0.921569
0.843137 0.650980 0.921569
0.843137 0.647059 0.921569
0.843137 0.643137 0.921569
0.839216 0.639216 0.921569
0.839216 0.635294 0.921569
0.835294 0.627451 0.921569
0.835294 0.623529 0.917647
0.831373 0.619608 0.917647
0.831373 0.615686 0.917647
0.827451 0.611765 0.917647
0.827451 0.607843 0.917647
0.827451 0.603922 0.917647
0.823529 0.596078 0.917647
0.823529 0.592157 0.917647
0.819608 0.588235 0.917647
0.819608 0.584314 0.917647
0.815686 0.580392 0.913725
0.815686 0.576471 0.913725
0.811765 0.568627 0.913725
0.811765 0.564706 0.913725
0.807843 0.560784 0.913725
0.807843 0.556863 0.913725
0.803922 0.552941 0.913725
0.803922 0.545098 0.913725
0.800000 0.541176 0.913725
0.800000 0.537255 0.909804
0.796078 0.533333 0.909804
0.796078 0.529412 0.909804
0.792157 0.525490 0.909804
0.792157 0.517647 0.909804
0.788235 0.513725 0.909804
0.788235 0.509804 0.909804
0.784314 0.505882 0.909804
0.784314 0.501961 0.909804
0.780392 0.494118 0.905882
0.780392 0.490196 0.905882
0.776471 0.486275 0.905882
0.776471 0.482353 0.905882
0.772549 0.478431 0.905882
0.772549 0.470588 0.905882
0.768627 0.466667 0.905882
0.768627 0.462745 0.905882
0.764706 0.458824 0.901961
0.764706 0.450980 0.901961
0.760784 0.447059 0.901961
0.760784 0.443137 0.901961
0.756863 0.439216 0.901961
0.756863 0.435294 0.901961
0.752941 0.427451 0.901961
0.749020 0.423529 0.901961
0.749020 0.419608 0.901961
0.745098 0.415686 0.898039
0.745098 0.407843 0.898039
0.741176 0.403922 0.898039
0.741176 0.400000 0.898039
0.737255 0.392157 0.898039
0.737255 0.388235 0.898039
0.733333 0.384314 0.898039
0.729412 0.380392 0.894118
0.729412 0.372549 0.894118
0.725490 0.368627 0.894118
0.725490 0.364706 0.894118
0.721569 0.356863 0.894118
0.721569 0.352941 0.894118
0.717647 0.349020 0.894118
