0.435294 0.819608 1.000000
0.435294 0.819608 1.000000
0.435294 0.819608 1.000000
0.435294 0.819608 1.000000
0.435294 0.819608 1.000000
0.435294 0.819608 0.996078
0.439216 0.823529 0.992157
0.439216 0.823529 0.988235
0.439216 0.823529 0.988235
0.439216 0.823529 0.984314
0.439216 0.823529 0.980392
0.439216 0.823529 0.976471
0.439216 0.823529 0.972549
0.439216 0.823529 0.972549
0.439216 0.823529 0.968627
0.439216 0.823529 0.964706
0.439216 0.823529 0.960784
0.439216 0.827451 0.956863
0.443137 0.827451 0.956863
0.443137 0.827451 0.952941
0.443137 0.827451 0.949020
0.443137 0.827451 0.945098
0.443137 0.827451 0.941176
0.443137 0.827451 0.941176
0.443137 0.827451 0.937255
0.443137 0.827451 0.933333
0.443137 0.827451 0.929412
0.447059 0.827451 0.925490
0.447059 0.827451 0.925490
0.447059 0.827451 0.921569
0.447059 0.831373 0.917647
0.447059 0.831373 0.913725
0.447059 0.831373 0.909804
0.447059 0.831373 0.905882
0.447059 0.831373 0.905882
0.450980 0.831373 0.901961
0.450980 0.831373 0.898039
0.450980 0.831373 0.894118
0.450980 0.831373 0.890196
0.450980 0.831373 0.890196
0.450980 0.831373 0.886275
0.450980 0.831373 0.882353
0.454902 0.831373 0.878431
0.454902 0.831373 0.874510
0.454902 0.835294 0.870588
0.454902 0.835294 0.870588
0.454902 0.835294 0.866667
0.458824 0.835294 0.862745
0.458824 0.835294 0.858824
0.458824 0.835294 0.854902
0.458824 0.835294 0.850980
0.458824 0.835294 0.847059
0.458824 0.835294 0.847059
0.462745 0.835294 0.843137
0.462745 0.835294 0.839216
0.462745 0.835294 0.835294
0.462745 0.835294 0.831373
0.466667 0.835294 0.827451
0.466667 0.835294 0.823529
0.466667 0.835294 0.823529
0.466667 0.839216 0.819608
0.466667 0.839216 0.815686
0.470588 0.839216 0.811765
0.470588 0.839216 0.807843
0.470588 0.839216 0.803922
0.470588 0.839216 0.800000
0.474510 0.839216 0.800000
0.474510 0.839216 0.796078
0.474510 0.839216 0.792157
0.478431 0.839216 0.788235
0.478431 0.839216 0.784314
0.478431 0.839216 0.780392
0.482353 0.839216 0.776471
0.482353 0.839216 0.772549
0.482353 0.839216 0.772549
0.482353 0.839216 0.768627
0.486275 0.839216 0.764706
0.486275 0.839216 0.760784
0.490196 0.839216 0.756863
0.490196 0.839216 0.752941
0.490196 0.839216 0.749020
0.494118 0.839216 0.745098
0.494118 0.839216 0.741176
0.494118 0.839216 0.737255
0.498039 0.839216 0.737255
0.498039 0.839216 0.733333
0.501961 0.839216 0.729412
0.501961 0.839216 0.725490
0.501961 0.839216 0.721569
0.505882 0.839216 0.717647
0.505882 0.839216 0.713725
0.509804 0.839216 0.709804
0.509804 0.839216 0.705882
0.513725 0.839216 0.701961
0.513725 0.839216 0.698039
0.517647 0.839216 0.698039
0.517647 0.839216 0.694118
0.521569 0.839216 0.690196
0.521569 0.839216 0.686275
0.525490 0.839216 0.682353
0.529412 0.839216 0.678431
0.529412 0.839216 0.674510
0.533333 0.839216 0.670588
0.533333 0.839216 0.666667
0.537255 0.839216 0.662745
0.541176 0.839216 0.658824
0.541176 0.839216 0.654902
0.545098 0.839216 0.650980
0.549020 0.839216 0.647059
0.549020 0.839216 0.647059
0.552941 0.839216 0.643137
0.556863 0.839216 0.639216
0.556863 0.839216 0.635294
0.560784 0.839216 0.631373
0.564706 0.839216 0.627451
0.568627 0.839216 0.623529
0.568627 0.835294 0.619608
0.572549 0.835294 0.615686
0.576471 0.835294 0.611765
0.580392 0.835294 0.607843
0.584314 0.835294 0.607843
0.584314 0.835294 0.603922
0.588235 0.835294 0.600000
0.592157 0.835294 0.596078
0.596078 0.835294 0.592157
0.600000 0.835294 0.588235
0.603922 0.831373 0.584314
0.607843 0.831373 0.584314
0.611765 0.831373 0.580392
0.615686 0.831373 0.576471
0.619608 0.831373 0.572549
0.623529 0.831373 0.568627
0.627451 0.831373 0.568627
0.631373 0.827451 0.564706
0.631373 0.827451 0.560784
0.635294 0.827451 0.556863
0.639216 0.827451 0.556863
0.643137 0.827451 0.552941
0.647059 0.827451 0.549020
0.650980 0.823529 0.549020
0.654902 0.823529 0.545098
0.658824 0.823529 0.541176
0.662745 0.823529 0.541176
0.666667 0.823529 0.537255
0.670588 0.823529 0.537255
0.678431 0.819608 0.533333
0.682353 0.819608 0.529412
0.686275 0.819608 0.529412
0.690196 0.819608 0.525490
0.694118 0.815686 0.525490
0.698039 0.815686 0.521569
0.701961 0.815686 0.521569
0.705882 0.815686 0.517647
0.709804 0.815686 0.517647
0.713725 0.811765 0.513725
0.717647 0.811765 0.513725
0.721569 0.811765 0.509804
0.725490 0.811765 0.509804
0.725490 0.811765 0.505882
0.729412 0.807843 0.505882
0.733333 0.807843 0.501961
0.737255 0.807843 0.501961
0.741176 0.807843 0.498039
0.745098 0.803922 0.498039
0.749020 0.803922 0.498039
0.752941 0.803922 0.494118
0.756863 0.803922 0.494118
0.760784 0.800000 0.490196
0.764706 0.800000 0.490196
0.768627 0.800000 0.490196
0.772549 0.800000 0.486275
0.776471 0.796078 0.486275
0.780392 0.796078 0.482353
0.784314 0.796078 0.482353
0.788235 0.796078 0.482353
0.792157 0.792157 0.478431
0.796078 0.792157 0.478431
0.800000 0.792157 0.478431
0.800000 0.792157 0.474510
0.803922 0.788235 0.474510
0.807843 0.788235 0.474510
0.811765 0.788235 0.474510
0.815686 0.788235 0.470588
0.819608 0.784314 0.470588
0.823529 0.784314 0.470588
0.827451 0.784314 0.470588
0.831373 0.780392 0.466667
0.835294 0.780392 0.466667
0.835294 0.780392 0.466667
0.839216 0.780392 0.466667
0.843137 0.776471 0.466667
0.847059 0.776471 0.462745
0.850980 0.776471 0.462745
0.854902 0.776471 0.462745
0.858824 0.772549 0.462745
0.862745 0.772549 0.462745
0.862745 0.772549 0.462745
0.866667 0.768627 0.462745
0.870588 0.768627 0.462745
0.874510 0.768627 0.458824
0.878431 0.764706 0.458824
0.882353 0.764706 0.458824
0.886275 0.764706 0.458824
0.886275 0.764706 0.458824
0.890196 0.760784 0.458824
0.894118 0.760784 0.458824
0.898039 0.760784 0.458824
0.901961 0.756863 0.458824
0.905882 0.756863 0.458824
0.905882 0.756863 0.458824
0.909804 0.752941 0.458824
0.913725 0.752941 0.458824
0.917647 0.752941 0.458824
0.921569 0.749020 0.458824
0.921569 0.749020 0.462745
0.925490 0.749020 0.462745
0.929412 0.749020 0.462745
0.933333 0.745098 0.462745
0.937255 0.745098 0.462745
0.937255 0.745098 0.462745
0.941176 0.741176 0.462745
0.945098 0.741176 0.462745
0.949020 0.741176 0.466667
0.949020 0.737255 0.466667
0.952941 0.737255 0.466667
0.956863 0.737255 0.466667
0.960784 0.733333 0.466667
0.960784 0.733333 0.470588
0.964706 0.733333 0.470588
0.968627 0.729412 0.470588
0.972549 0.729412 0.470588
0.972549 0.729412 0.474510
0.976471 0.725490 0.474510
0.980392 0.725490 0.474510
0.980392 0.725490 0.474510
0.984314 0.721569 0.478431
0.988235 0.721569 0.478431
0.988235 0.721569 0.478431
0.992157 0.717647 0.482353
0.996078 0.717647 0.482353
0.996078 0.717647 0.482353
1.000000 0.713725 0.486275
1.000000 0.713725 0.486275
1.000000 0.713725 0.486275
1.000000 0.709804 0.490196
1.000000 0.709804 0.490196
1.000000 0.709804 0.490196
1.000000 0.705882 0.494118
1.000000 0.705882 0.494118
1.000000 0.705882 0.494118
1.000000 0.701961 0.498039
1.000000 0.701961 0.498039
1.000000 0.701961 0.501961
1.000000 0.698039 0.501961
1.000000 0.698039 0.501961
1.000000 0.698039 0.505882
