0.000000 0.000000 0.000000
0.000000 0.000000 0.003922
0.000000 0.003922 0.011765
0.000000 0.003922 0.019608
0.000000 0.007843 0.027451
0.000000 0.011765 0.035294
0.003922 0.011765 0.043137
0.003922 0.015686 0.050980
0.003922 0.015686 0.058824
0.003922 0.019608 0.062745
0.003922 0.023529 0.070588
0.007843 0.023529 0.078431
0.007843 0.027451 0.082353
0.007843 0.027451 0.090196
0.007843 0.031373 0.098039
0.007843 0.031373 0.101961
0.007843 0.035294 0.109804
0.007843 0.035294 0.113725
0.011765 0.039216 0.121569
0.011765 0.039216 0.125490
0.011765 0.043137 0.129412
0.011765 0.043137 0.137255
0.011765 0.047059 0.141176
0.011765 0.047059 0.145098
0.011765 0.047059 0.152941
0.015686 0.050980 0.156863
0.015686 0.050980 0.160784
0.015686 0.054902 0.164706
0.015686 0.054902 0.168627
0.015686 0.054902 0.172549
0.015686 0.058824 0.176471
0.015686 0.058824 0.180392
0.015686 0.058824 0.188235
0.015686 0.062745 0.192157
0.019608 0.062745 0.196078
0.019608 0.062745 0.196078
0.019608 0.066667 0.200000
0.019608 0.066667 0.203922
0.019608 0.066667 0.207843
0.019608 0.070588 0.211765
0.019608 0.070588 0.215686
0.019608 0.070588 0.219608
0.019608 0.070588 0.223529
0.019608 0.074510 0.227451
0.019608 0.074510 0.231373
0.019608 0.074510 0.231373
0.023529 0.078431 0.235294
0.023529 0.078431 0.239216
0.023529 0.078431 0.243137
0.023529 0.078431 0.247059
0.023529 0.082353 0.250980
0.023529 0.082353 0.250980
0.023529 0.082353 0.254902
0.023529 0.082353 0.258824
0.023529 0.086275 0.262745
0.023529 0.086275 0.266667
0.023529 0.086275 0.270588
0.023529 0.090196 0.270588
0.027451 0.090196 0.274510
0.027451 0.090196 0.278431
0.027451 0.090196 0.282353
0.027451 0.094118 0.286275
0.027451 0.094118 0.290196
0.027451 0.094118 0.290196
0.027451 0.098039 0.294118
0.027451 0.098039 0.298039
0.027451 0.098039 0.301961
0.027451 0.098039 0.305882
0.027451 0.101961 0.309804
0.031373 0.101961 0.313725
0.031373 0.101961 0.313725
0.031373 0.101961 0.317647
0.031373 0.105882 0.321569
0.031373 0.105882 0.325490
0.031373 0.105882 0.329412
0.031373 0.109804 0.333333
0.031373 0.109804 0.337255
0.031373 0.109804 0.337255
0.031373 0.109804 0.341176
0.031373 0.113725 0.345098
0.031373 0.113725 0.349020
0.035294 0.113725 0.352941
0.035294 0.117647 0.356863
0.035294 0.117647 0.360784
0.035294 0.117647 0.360784
0.035294 0.117647 0.364706
0.035294 0.121569 0.368627
0.035294 0.121569 0.372549
0.035294 0.121569 0.376471
0.035294 0.125490 0.380392
0.035294 0.125490 0.384314
0.035294 0.125490 0.388235
0.035294 0.125490 0.388235
0.039216 0.129412 0.392157
0.039216 0.129412 0.396078
0.039216 0.129412 0.400000
0.039216 0.133333 0.403922
0.039216 0.133333 0.407843
0.039216 0.133333 0.411765
0.039216 0.137255 0.415686
0.039216 0.137255 0.419608
0.039216 0.137255 0.419608
0.039216 0.137255 0.423529
0.039216 0.141176 0.427451
0.043137 0.141176 0.431373
0.043137 0.141176 0.435294
0.043137 0.145098 0.439216
0.043137 0.145098 0.443137
0.043137 0.145098 0.447059
0.043137 0.145098 0.450980
0.043137 0.149020 0.450980
0.043137 0.149020 0.454902
0.043137 0.149020 0.458824
0.043137 0.152941 0.462745
0.043137 0.152941 0.466667
0.047059 0.152941 0.470588
0.047059 0.156863 0.474510
0.047059 0.156863 0.478431
0.047059 0.156863 0.482353
0.047059 0.156863 0.486275
0.047059 0.160784 0.486275
0.047059 0.160784 0.490196
0.047059 0.160784 0.494118
0.047059 0.164706 0.498039
0.047059 0.164706 0.501961
0.047059 0.164706 0.505882
0.050980 0.168627 0.509804
0.050980 0.168627 0.513725
0.050980 0.168627 0.517647
0.050980 0.168627 0.521569
0.050980 0.172549 0.525490
0.050980 0.172549 0.525490
0.050980 0.172549 0.529412
0.050980 0.176471 0.533333
0.050980 0.176471 0.537255
0.050980 0.176471 0.541176
0.050980 0.180392 0.545098
0.054902 0.180392 0.549020
0.054902 0.180392 0.552941
0.054902 0.180392 0.556863
0.054902 0.184314 0.560784
0.054902 0.184314 0.564706
0.054902 0.184314 0.568627
0.054902 0.188235 0.568627
0.054902 0.188235 0.572549
0.054902 0.188235 0.576471
0.054902 0.192157 0.580392
0.054902 0.192157 0.584314
0.058824 0.192157 0.588235
0.058824 0.196078 0.592157
0.058824 0.196078 0.596078
0.058824 0.196078 0.600000
0.058824 0.196078 0.603922
0.058824 0.200000 0.607843
0.058824 0.200000 0.611765
0.058824 0.200000 0.615686
0.058824 0.203922 0.619608
0.058824 0.203922 0.623529
0.058824 0.203922 0.623529
0.062745 0.207843 0.627451
0.062745 0.207843 0.631373
0.062745 0.207843 0.635294
0.062745 0.211765 0.639216
0.062745 0.211765 0.643137
0.062745 0.211765 0.647059
0.062745 0.211765 0.650980
0.062745 0.215686 0.654902
0.062745 0.215686 0.658824
0.062745 0.215686 0.662745
0.066667 0.219608 0.666667
0.066667 0.219608 0.670588
0.066667 0.219608 0.674510
0.066667 0.223529 0.678431
0.066667 0.223529 0.682353
0.066667 0.223529 0.686275
0.066667 0.227451 0.690196
0.066667 0.227451 0.694118
0.066667 0.227451 0.694118
0.066667 0.231373 0.698039
0.066667 0.231373 0.701961
0.070588 0.231373 0.705882
0.070588 0.235294 0.709804
0.070588 0.235294 0.713725
0.070588 0.235294 0.717647
0.070588 0.235294 0.721569
0.070588 0.239216 0.725490
0.070588 0.239216 0.729412
0.070588 0.239216 0.733333
0.070588 0.243137 0.737255
0.070588 0.243137 0.741176
0.074510 0.243137 0.745098
0.074510 0.247059 0.749020
0.074510 0.247059 0.752941
0.074510 0.247059 0.756863
0.074510 0.250980 0.760784
0.074510 0.250980 0.764706
0.074510 0.250980 0.768627
0.074510 0.254902 0.772549
0.074510 0.254902 0.776471
0.074510 0.254902 0.780392
0.078431 0.258824 0.784314
0.078431 0.258824 0.788235
0.078431 0.258824 0.792157
0.078431 0.262745 0.796078
0.078431 0.262745 0.800000
0.078431 0.262745 0.803922
0.078431 0.266667 0.807843
0.078431 0.266667 0.811765
0.078431 0.266667 0.815686
0.078431 0.266667 0.819608
0.078431 0.270588 0.819608
0.082353 0.270588 0.823529
0.082353 0.270588 0.827451
0.082353 0.274510 0.831373
0.082353 0.274510 0.835294
0.082353 0.274510 0.839216
0.082353 0.278431 0.843137
0.082353 0.278431 0.847059
0.082353 0.278431 0.850980
0.082353 0.282353 0.854902
0.082353 0.282353 0.858824
0.086275 0.282353 0.862745
0.086275 0.286275 0.866667
0.086275 0.286275 0.870588
0.086275 0.286275 0.874510
0.086275 0.290196 0.878431
0.086275 0.290196 0.882353
0.086275 0.290196 0.886275
0.086275 0.294118 0.890196
0.086275 0.294118 0.894118
0.086275 0.294118 0.898039
0.090196 0.298039 0.901961
0.090196 0.298039 0.905882
0.090196 0.298039 0.909804
0.090196 0.301961 0.913725
0.090196 0.301961 0.917647
0.090196 0.301961 0.921569
0.090196 0.305882 0.925490
0.090196 0.305882 0.929412
0.090196 0.305882 0.933333
0.090196 0.309804 0.937255
0.094118 0.309804 0.941176
0.094118 0.309804 0.945098
0.094118 0.313725 0.949020
0.094118 0.313725 0.952941
0.094118 0.313725 0.956863
0.094118 0.317647 0.960784
0.094118 0.317647 0.964706
0.094118 0.317647 0.968627
0.094118 0.321569 0.972549
0.094118 0.321569 0.976471
0.098039 0.321569 0.980392
0.098039 0.325490 0.984314
0.098039 0.325490 0.988235
0.098039 0.325490 0.992157
0.098039 0.329412 1.000000
