0.000000 0.000000 0.305882
0.000000 0.003922 0.313725
0.000000 0.003922 0.321569
0.000000 0.003922 0.329412
0.000000 0.007843 0.333333
0.000000 0.007843 0.341176
0.000000 0.007843 0.349020
0.000000 0.007843 0.356863
0.000000 0.007843 0.364706
0.000000 0.007843 0.372549
0.003922 0.007843 0.380392
0.003922 0.007843 0.388235
0.007843 0.007843 0.396078
0.011765 0.007843 0.403922
0.011765 0.007843 0.411765
0.015686 0.007843 0.423529
0.019608 0.007843 0.431373
0.023529 0.007843 0.439216
0.023529 0.007843 0.447059
0.027451 0.007843 0.454902
0.031373 0.007843 0.462745
0.035294 0.003922 0.470588
0.035294 0.003922 0.478431
0.039216 0.003922 0.486275
0.043137 0.003922 0.494118
0.043137 0.003922 0.505882
0.047059 0.003922 0.513725
0.050980 0.003922 0.521569
0.050980 0.003922 0.529412
0.054902 0.003922 0.537255
0.054902 0.003922 0.545098
0.058824 0.003922 0.556863
0.058824 0.003922 0.564706
0.058824 0.003922 0.572549
0.062745 0.003922 0.580392
0.062745 0.003922 0.592157
0.062745 0.003922 0.600000
0.062745 0.003922 0.607843
0.062745 0.003922 0.615686
0.062745 0.003922 0.627451
0.058824 0.003922 0.635294
0.058824 0.007843 0.643137
0.054902 0.007843 0.654902
0.054902 0.007843 0.662745
0.050980 0.007843 0.670588
0.047059 0.011765 0.682353
0.043137 0.011765 0.690196
0.039216 0.015686 0.698039
0.039216 0.015686 0.709804
0.035294 0.015686 0.717647
0.035294 0.019608 0.725490
0.031373 0.023529 0.733333
0.031373 0.023529 0.741176
0.027451 0.027451 0.749020
0.027451 0.027451 0.760784
0.027451 0.031373 0.768627
0.027451 0.035294 0.776471
0.027451 0.039216 0.784314
0.027451 0.043137 0.792157
0.031373 0.047059 0.800000
0.031373 0.050980 0.807843
0.035294 0.050980 0.815686
0.039216 0.054902 0.819608
0.043137 0.058824 0.827451
0.047059 0.062745 0.835294
0.050980 0.066667 0.843137
0.054902 0.070588 0.850980
0.058824 0.074510 0.858824
0.062745 0.078431 0.862745
0.070588 0.082353 0.870588
0.074510 0.086275 0.878431
0.078431 0.090196 0.882353
0.086275 0.094118 0.890196
0.090196 0.098039 0.898039
0.094118 0.101961 0.901961
0.101961 0.105882 0.905882
0.105882 0.109804 0.913725
0.109804 0.117647 0.917647
0.113725 0.121569 0.921569
0.117647 0.125490 0.929412
0.121569 0.133333 0.933333
0.125490 0.137255 0.937255
0.129412 0.141176 0.941176
0.133333 0.149020 0.945098
0.137255 0.152941 0.949020
0.141176 0.160784 0.952941
0.145098 0.164706 0.956863
0.145098 0.172549 0.960784
0.149020 0.180392 0.960784
0.152941 0.184314 0.964706
0.156863 0.192157 0.968627
0.156863 0.196078 0.968627
0.160784 0.203922 0.972549
0.164706 0.211765 0.972549
0.164706 0.215686 0.976471
0.168627 0.223529 0.976471
0.168627 0.231373 0.976471
0.172549 0.239216 0.980392
0.172549 0.243137 0.980392
0.176471 0.250980 0.980392
0.176471 0.258824 0.980392
0.176471 0.262745 0.980392
0.176471 0.270588 0.980392
0.180392 0.278431 0.980392
0.180392 0.282353 0.984314
0.180392 0.290196 0.984314
0.180392 0.298039 0.984314
0.184314 0.301961 0.984314
0.184314 0.309804 0.984314
0.184314 0.313725 0.984314
0.184314 0.321569 0.984314
0.184314 0.325490 0.984314
0.184314 0.333333 0.984314
0.184314 0.341176 0.984314
0.184314 0.345098 0.984314
0.184314 0.352941 0.988235
0.184314 0.356863 0.988235
0.184314 0.364706 0.988235
0.184314 0.368627 0.988235
0.184314 0.372549 0.988235
0.184314 0.380392 0.988235
0.184314 0.384314 0.988235
0.180392 0.392157 0.988235
0.180392 0.396078 0.988235
0.180392 0.403922 0.988235
0.180392 0.407843 0.988235
0.176471 0.415686 0.988235
0.176471 0.419608 0.992157
0.176471 0.423529 0.992157
0.172549 0.431373 0.992157
0.172549 0.435294 0.992157
0.172549 0.443137 0.992157
0.172549 0.447059 0.992157
0.168627 0.450980 0.992157
0.168627 0.458824 0.992157
0.168627 0.462745 0.992157
0.168627 0.466667 0.992157
0.168627 0.474510 0.992157
0.168627 0.478431 0.992157
0.168627 0.482353 0.992157
0.168627 0.490196 0.992157
0.168627 0.494118 0.992157
0.168627 0.498039 0.992157
0.168627 0.505882 0.992157
0.172549 0.509804 0.992157
0.172549 0.513725 0.992157
0.172549 0.517647 0.992157
0.172549 0.525490 0.992157
0.176471 0.529412 0.992157
0.176471 0.533333 0.992157
0.180392 0.541176 0.992157
0.180392 0.545098 0.992157
0.184314 0.549020 0.992157
0.184314 0.552941 0.992157
0.188235 0.560784 0.992157
0.188235 0.564706 0.992157
0.192157 0.568627 0.992157
0.196078 0.572549 0.992157
0.196078 0.576471 0.992157
0.200000 0.584314 0.992157
0.200000 0.588235 0.992157
0.203922 0.592157 0.992157
0.203922 0.596078 0.992157
0.203922 0.603922 0.992157
0.207843 0.607843 0.988235
0.207843 0.611765 0.988235
0.207843 0.615686 0.988235
0.207843 0.623529 0.988235
0.207843 0.627451 0.988235
0.207843 0.631373 0.988235
0.207843 0.639216 0.988235
0.207843 0.643137 0.988235
0.207843 0.647059 0.988235
0.207843 0.650980 0.988235
0.207843 0.658824 0.988235
0.207843 0.662745 0.988235
0.203922 0.666667 0.988235
0.203922 0.670588 0.988235
0.203922 0.678431 0.988235
0.200000 0.682353 0.988235
0.200000 0.686275 0.988235
0.196078 0.690196 0.988235
0.196078 0.698039 0.988235
0.192157 0.701961 0.988235
0.188235 0.705882 0.988235
0.184314 0.713725 0.988235
0.184314 0.717647 0.988235
0.180392 0.721569 0.988235
0.176471 0.725490 0.988235
0.176471 0.733333 0.988235
0.172549 0.737255 0.988235
0.168627 0.741176 0.988235
0.168627 0.749020 0.984314
0.164706 0.752941 0.984314
0.164706 0.756863 0.984314
0.160784 0.760784 0.984314
0.160784 0.768627 0.984314
0.160784 0.772549 0.984314
0.160784 0.776471 0.984314
0.156863 0.780392 0.984314
0.156863 0.784314 0.984314
0.156863 0.792157 0.984314
0.156863 0.796078 0.984314
0.156863 0.800000 0.984314
0.156863 0.803922 0.984314
0.160784 0.811765 0.984314
0.160784 0.815686 0.984314
0.160784 0.819608 0.980392
0.164706 0.823529 0.980392
0.164706 0.827451 0.980392
0.168627 0.835294 0.980392
0.168627 0.839216 0.980392
0.172549 0.843137 0.980392
0.176471 0.847059 0.980392
0.180392 0.850980 0.980392
0.188235 0.858824 0.980392
0.196078 0.862745 0.976471
0.207843 0.866667 0.976471
0.219608 0.870588 0.976471
0.231373 0.874510 0.976471
0.243137 0.878431 0.976471
0.258824 0.882353 0.976471
0.270588 0.886275 0.976471
0.286275 0.890196 0.976471
0.298039 0.894118 0.976471
0.313725 0.898039 0.976471
0.325490 0.901961 0.972549
0.341176 0.905882 0.972549
0.352941 0.909804 0.972549
0.368627 0.913725 0.972549
0.380392 0.917647 0.972549
0.396078 0.921569 0.972549
0.407843 0.925490 0.972549
0.423529 0.925490 0.972549
0.435294 0.929412 0.972549
0.450980 0.933333 0.968627
0.462745 0.937255 0.968627
0.474510 0.941176 0.968627
0.490196 0.945098 0.968627
0.501961 0.949020 0.968627
0.513725 0.949020 0.968627
0.529412 0.952941 0.968627
0.541176 0.956863 0.968627
0.552941 0.960784 0.964706
0.564706 0.964706 0.964706
0.576471 0.968627 0.964706
0.592157 0.968627 0.964706
0.603922 0.972549 0.964706
0.615686 0.976471 0.964706
0.627451 0.980392 0.964706
0.639216 0.980392 0.964706
0.650980 0.984314 0.964706
0.662745 0.988235 0.960784
0.678431 0.992157 0.960784
0.690196 0.996078 0.960784
0.701961 0.996078 0.960784
