0.105882 0.105882 0.105882
0.113725 0.105882 0.121569
0.117647 0.105882 0.141176
0.125490 0.105882 0.156863
0.129412 0.105882 0.172549
0.133333 0.105882 0.192157
0.137255 0.101961 0.207843
0.141176 0.101961 0.223529
0.145098 0.101961 0.239216
0.149020 0.101961 0.258824
0.152941 0.101961 0.274510
0.152941 0.101961 0.290196
0.156863 0.101961 0.305882
0.156863 0.098039 0.321569
0.156863 0.098039 0.337255
0.160784 0.098039 0.352941
0.160784 0.098039 0.368627
0.160784 0.098039 0.384314
0.160784 0.098039 0.400000
0.156863 0.098039 0.415686
0.156863 0.094118 0.427451
0.156863 0.094118 0.443137
0.152941 0.094118 0.458824
0.152941 0.094118 0.470588
0.149020 0.094118 0.486275
0.149020 0.098039 0.498039
0.145098 0.098039 0.509804
0.141176 0.098039 0.525490
0.137255 0.098039 0.537255
0.133333 0.098039 0.549020
0.129412 0.101961 0.560784
0.125490 0.101961 0.572549
0.121569 0.101961 0.584314
0.117647 0.105882 0.592157
0.113725 0.105882 0.603922
0.109804 0.109804 0.615686
0.101961 0.113725 0.623529
0.098039 0.113725 0.631373
0.090196 0.117647 0.639216
0.086275 0.121569 0.647059
0.082353 0.125490 0.654902
0.074510 0.129412 0.662745
0.070588 0.133333 0.670588
0.062745 0.137255 0.678431
0.058824 0.141176 0.682353
0.050980 0.145098 0.686275
0.047059 0.149020 0.694118
0.043137 0.156863 0.698039
0.039216 0.160784 0.701961
0.035294 0.164706 0.701961
0.035294 0.172549 0.705882
0.031373 0.176471 0.705882
0.031373 0.184314 0.709804
0.031373 0.188235 0.709804
0.027451 0.192157 0.713725
0.027451 0.200000 0.713725
0.027451 0.203922 0.713725
0.027451 0.211765 0.713725
0.027451 0.215686 0.717647
0.023529 0.219608 0.717647
0.023529 0.227451 0.717647
0.023529 0.231373 0.717647
0.023529 0.235294 0.717647
0.023529 0.243137 0.717647
0.023529 0.247059 0.717647
0.023529 0.254902 0.717647
0.023529 0.258824 0.717647
0.023529 0.262745 0.717647
0.023529 0.270588 0.717647
0.023529 0.274510 0.717647
0.023529 0.278431 0.717647
0.023529 0.286275 0.717647
0.023529 0.290196 0.713725
0.023529 0.294118 0.713725
0.023529 0.301961 0.713725
0.027451 0.305882 0.709804
0.027451 0.309804 0.709804
0.027451 0.317647 0.705882
0.027451 0.321569 0.705882
0.027451 0.329412 0.701961
0.027451 0.333333 0.698039
0.027451 0.337255 0.698039
0.027451 0.345098 0.694118
0.023529 0.349020 0.690196
0.023529 0.356863 0.686275
0.023529 0.360784 0.682353
0.023529 0.364706 0.678431
0.019608 0.372549 0.674510
0.019608 0.376471 0.666667
0.023529 0.384314 0.662745
0.023529 0.388235 0.658824
0.031373 0.392157 0.650980
0.035294 0.400000 0.647059
0.043137 0.403922 0.639216
0.050980 0.407843 0.635294
0.062745 0.415686 0.627451
0.070588 0.419608 0.619608
0.078431 0.423529 0.611765
0.082353 0.431373 0.607843
0.090196 0.435294 0.600000
0.098039 0.439216 0.592157
0.105882 0.443137 0.584314
0.113725 0.450980 0.576471
0.117647 0.454902 0.568627
0.125490 0.458824 0.560784
0.129412 0.462745 0.552941
0.137255 0.470588 0.545098
0.141176 0.474510 0.537255
0.145098 0.478431 0.525490
0.149020 0.482353 0.517647
0.152941 0.490196 0.509804
0.156863 0.494118 0.501961
0.160784 0.498039 0.490196
0.164706 0.501961 0.482353
0.168627 0.509804 0.474510
0.172549 0.513725 0.462745
0.176471 0.517647 0.454902
0.176471 0.521569 0.443137
0.180392 0.525490 0.435294
0.180392 0.533333 0.423529
0.184314 0.537255 0.411765
0.184314 0.541176 0.403922
0.184314 0.545098 0.392157
0.188235 0.549020 0.380392
0.188235 0.556863 0.372549
0.188235 0.560784 0.360784
0.188235 0.564706 0.349020
0.192157 0.568627 0.341176
0.192157 0.572549 0.329412
0.196078 0.576471 0.321569
0.196078 0.584314 0.313725
0.200000 0.588235 0.305882
0.203922 0.592157 0.294118
0.207843 0.596078 0.286275
0.211765 0.600000 0.278431
0.215686 0.603922 0.270588
0.219608 0.607843 0.262745
0.223529 0.611765 0.254902
0.227451 0.615686 0.247059
0.235294 0.619608 0.239216
0.239216 0.623529 0.231373
0.243137 0.627451 0.227451
0.250980 0.631373 0.219608
0.254902 0.635294 0.211765
0.262745 0.639216 0.203922
0.270588 0.643137 0.200000
0.274510 0.647059 0.192157
0.282353 0.650980 0.184314
0.290196 0.654902 0.176471
0.298039 0.654902 0.172549
0.305882 0.658824 0.164706
0.309804 0.662745 0.160784
0.317647 0.666667 0.152941
0.325490 0.670588 0.145098
0.333333 0.674510 0.141176
0.341176 0.678431 0.133333
0.349020 0.682353 0.129412
0.360784 0.682353 0.121569
0.368627 0.686275 0.117647
0.376471 0.690196 0.109804
0.384314 0.694118 0.105882
0.392157 0.698039 0.098039
0.400000 0.701961 0.094118
0.411765 0.701961 0.086275
0.419608 0.705882 0.082353
0.427451 0.709804 0.074510
0.435294 0.713725 0.070588
0.447059 0.713725 0.062745
0.454902 0.717647 0.058824
0.462745 0.721569 0.050980
0.474510 0.725490 0.047059
0.482353 0.725490 0.039216
0.494118 0.729412 0.035294
0.501961 0.733333 0.027451
0.509804 0.737255 0.023529
0.521569 0.737255 0.019608
0.529412 0.741176 0.015686
0.541176 0.745098 0.015686
0.549020 0.745098 0.011765
0.560784 0.749020 0.011765
0.568627 0.752941 0.007843
0.580392 0.752941 0.007843
0.588235 0.756863 0.007843
0.600000 0.760784 0.007843
0.607843 0.760784 0.007843
0.619608 0.764706 0.007843
0.627451 0.764706 0.007843
0.635294 0.768627 0.007843
0.647059 0.772549 0.007843
0.654902 0.772549 0.011765
0.666667 0.776471 0.011765
0.674510 0.780392 0.011765
0.682353 0.780392 0.015686
0.694118 0.784314 0.015686
0.701961 0.788235 0.019608
0.709804 0.788235 0.023529
0.717647 0.792157 0.023529
0.725490 0.796078 0.027451
0.737255 0.796078 0.031373
0.745098 0.800000 0.035294
0.752941 0.803922 0.039216
0.760784 0.803922 0.043137
0.768627 0.807843 0.047059
0.776471 0.811765 0.050980
0.784314 0.811765 0.058824
0.792157 0.815686 0.062745
0.800000 0.819608 0.066667
0.807843 0.819608 0.070588
0.815686 0.823529 0.078431
0.823529 0.827451 0.082353
0.831373 0.827451 0.086275
0.839216 0.831373 0.094118
0.847059 0.835294 0.098039
0.854902 0.835294 0.105882
0.862745 0.839216 0.109804
0.870588 0.843137 0.117647
0.874510 0.847059 0.121569
0.882353 0.847059 0.129412
0.890196 0.850980 0.133333
0.894118 0.854902 0.141176
0.901961 0.858824 0.149020
0.909804 0.862745 0.152941
0.913725 0.862745 0.160784
0.917647 0.866667 0.168627
0.925490 0.870588 0.176471
0.929412 0.874510 0.184314
0.937255 0.878431 0.192157
0.941176 0.882353 0.200000
0.945098 0.886275 0.207843
0.949020 0.890196 0.215686
0.952941 0.894118 0.227451
0.956863 0.898039 0.235294
0.956863 0.901961 0.247059
0.960784 0.905882 0.258824
0.964706 0.909804 0.270588
0.964706 0.913725 0.286275
0.968627 0.917647 0.301961
0.972549 0.921569 0.321569
0.972549 0.925490 0.341176
0.976471 0.929412 0.360784
0.980392 0.933333 0.384314
0.984314 0.937255 0.407843
0.984314 0.941176 0.431373
0.988235 0.941176 0.458824
0.992157 0.945098 0.486275
0.992157 0.949020 0.517647
0.996078 0.952941 0.552941
0.996078 0.956863 0.588235
1.000000 0.956863 0.623529
1.000000 0.960784 0.662745
1.000000 0.964706 0.705882
0.996078 0.964706 0.752941
0.996078 0.968627 0.803922
0.992157 0.972549 0.854902
0.984314 0.972549 0.913725
0.976471 0.976471 0.976471
