0.000000 0.082353 0.019608
0.003922 0.082353 0.019608
0.003922 0.086275 0.019608
0.007843 0.090196 0.019608
0.011765 0.094118 0.019608
0.011765 0.098039 0.019608
0.015686 0.101961 0.019608
0.015686 0.101961 0.019608
0.019608 0.105882 0.019608
0.023529 0.109804 0.019608
0.023529 0.113725 0.019608
0.027451 0.113725 0.019608
0.027451 0.117647 0.019608
0.031373 0.121569 0.019608
0.031373 0.125490 0.019608
0.031373 0.129412 0.019608
0.035294 0.129412 0.019608
0.035294 0.133333 0.019608
0.035294 0.137255 0.019608
0.035294 0.141176 0.019608
0.035294 0.145098 0.019608
0.035294 0.149020 0.019608
0.035294 0.152941 0.019608
0.035294 0.152941 0.019608
0.035294 0.156863 0.019608
0.035294 0.160784 0.019608
0.035294 0.164706 0.019608
0.031373 0.168627 0.019608
0.031373 0.172549 0.019608
0.031373 0.176471 0.019608
0.031373 0.176471 0.015686
0.031373 0.180392 0.015686
0.031373 0.184314 0.015686
0.031373 0.188235 0.015686
0.031373 0.192157 0.015686
0.031373 0.196078 0.015686
0.031373 0.200000 0.015686
0.031373 0.203922 0.015686
0.031373 0.203922 0.015686
0.031373 0.207843 0.015686
0.031373 0.211765 0.015686
0.031373 0.215686 0.015686
0.035294 0.219608 0.015686
0.035294 0.223529 0.015686
0.035294 0.227451 0.015686
0.035294 0.231373 0.015686
0.039216 0.235294 0.015686
0.039216 0.235294 0.015686
0.039216 0.239216 0.015686
0.039216 0.243137 0.015686
0.043137 0.247059 0.015686
0.043137 0.250980 0.015686
0.043137 0.254902 0.015686
0.043137 0.258824 0.015686
0.047059 0.262745 0.019608
0.047059 0.266667 0.019608
0.047059 0.266667 0.019608
0.050980 0.270588 0.019608
0.050980 0.274510 0.019608
0.050980 0.278431 0.019608
0.050980 0.282353 0.019608
0.054902 0.286275 0.019608
0.054902 0.290196 0.019608
0.054902 0.294118 0.019608
0.054902 0.298039 0.019608
0.058824 0.301961 0.019608
0.058824 0.305882 0.019608
0.058824 0.305882 0.019608
0.062745 0.309804 0.019608
0.062745 0.313725 0.019608
0.062745 0.317647 0.019608
0.062745 0.321569 0.019608
0.062745 0.325490 0.019608
0.066667 0.329412 0.019608
0.066667 0.333333 0.019608
0.066667 0.337255 0.019608
0.066667 0.341176 0.019608
0.070588 0.345098 0.019608
0.070588 0.349020 0.023529
0.070588 0.352941 0.023529
0.070588 0.356863 0.023529
0.074510 0.360784 0.023529
0.074510 0.360784 0.023529
0.074510 0.364706 0.023529
0.074510 0.368627 0.023529
0.078431 0.372549 0.023529
0.078431 0.376471 0.023529
0.078431 0.380392 0.023529
0.078431 0.384314 0.023529
0.082353 0.388235 0.027451
0.082353 0.392157 0.027451
0.082353 0.396078 0.027451
0.082353 0.400000 0.027451
0.086275 0.403922 0.027451
0.086275 0.407843 0.027451
0.086275 0.411765 0.027451
0.086275 0.415686 0.027451
0.090196 0.419608 0.027451
0.090196 0.423529 0.027451
0.090196 0.427451 0.031373
0.090196 0.431373 0.031373
0.094118 0.435294 0.031373
0.094118 0.439216 0.031373
0.094118 0.443137 0.031373
0.094118 0.447059 0.031373
0.098039 0.450980 0.031373
0.098039 0.454902 0.031373
0.098039 0.458824 0.031373
0.098039 0.462745 0.035294
0.101961 0.466667 0.035294
0.101961 0.470588 0.035294
0.101961 0.474510 0.035294
0.101961 0.478431 0.035294
0.105882 0.482353 0.035294
0.105882 0.486275 0.035294
0.105882 0.490196 0.035294
0.105882 0.494118 0.035294
0.109804 0.498039 0.039216
0.109804 0.501961 0.039216
0.109804 0.505882 0.039216
0.109804 0.509804 0.039216
0.113725 0.513725 0.039216
0.113725 0.517647 0.039216
0.113725 0.521569 0.039216
0.117647 0.525490 0.039216
0.117647 0.529412 0.039216
0.117647 0.533333 0.043137
0.117647 0.537255 0.043137
0.121569 0.541176 0.043137
0.121569 0.545098 0.043137
0.121569 0.549020 0.043137
0.121569 0.552941 0.043137
0.125490 0.556863 0.043137
0.125490 0.560784 0.043137
0.125490 0.564706 0.047059
0.125490 0.568627 0.047059
0.129412 0.572549 0.047059
0.129412 0.576471 0.047059
0.129412 0.580392 0.047059
0.129412 0.584314 0.047059
0.133333 0.588235 0.047059
0.133333 0.592157 0.047059
0.133333 0.596078 0.047059
0.133333 0.600000 0.050980
0.137255 0.603922 0.050980
0.137255 0.607843 0.050980
0.137255 0.611765 0.050980
0.137255 0.615686 0.050980
0.141176 0.619608 0.050980
0.141176 0.623529 0.050980
0.141176 0.627451 0.050980
0.145098 0.635294 0.054902
0.145098 0.639216 0.054902
0.145098 0.643137 0.054902
0.145098 0.647059 0.054902
0.149020 0.650980 0.054902
0.149020 0.654902 0.054902
0.149020 0.658824 0.054902
0.149020 0.662745 0.054902
0.152941 0.666667 0.054902
0.152941 0.670588 0.058824
0.152941 0.674510 0.058824
0.152941 0.678431 0.058824
0.156863 0.682353 0.058824
0.156863 0.686275 0.058824
0.156863 0.690196 0.058824
0.160784 0.694118 0.058824
0.160784 0.698039 0.058824
0.160784 0.705882 0.058824
0.160784 0.709804 0.062745
0.164706 0.713725 0.062745
0.164706 0.717647 0.062745
0.164706 0.721569 0.062745
0.164706 0.725490 0.062745
0.168627 0.729412 0.062745
0.168627 0.733333 0.062745
0.168627 0.737255 0.062745
0.168627 0.741176 0.066667
0.172549 0.745098 0.066667
0.172549 0.749020 0.066667
0.172549 0.752941 0.066667
0.176471 0.756863 0.066667
0.176471 0.764706 0.066667
0.176471 0.768627 0.066667
0.176471 0.772549 0.066667
0.180392 0.776471 0.066667
0.180392 0.780392 0.070588
0.180392 0.784314 0.070588
0.180392 0.788235 0.070588
0.184314 0.792157 0.070588
0.184314 0.796078 0.070588
0.184314 0.800000 0.070588
0.188235 0.803922 0.070588
0.188235 0.811765 0.070588
0.188235 0.815686 0.070588
0.188235 0.819608 0.074510
0.192157 0.823529 0.074510
0.192157 0.827451 0.074510
0.192157 0.831373 0.074510
0.192157 0.835294 0.074510
0.196078 0.839216 0.074510
0.196078 0.843137 0.074510
0.196078 0.847059 0.074510
0.196078 0.854902 0.074510
0.200000 0.858824 0.078431
0.200000 0.862745 0.078431
0.200000 0.866667 0.078431
0.203922 0.870588 0.078431
0.203922 0.874510 0.078431
0.203922 0.878431 0.078431
0.203922 0.882353 0.078431
0.207843 0.886275 0.078431
0.207843 0.894118 0.082353
0.207843 0.898039 0.082353
0.215686 0.901961 0.082353
0.219608 0.905882 0.082353
0.227451 0.909804 0.082353
0.239216 0.913725 0.082353
0.250980 0.917647 0.082353
0.266667 0.921569 0.082353
0.278431 0.925490 0.082353
0.294118 0.929412 0.082353
0.309804 0.929412 0.082353
0.325490 0.933333 0.082353
0.341176 0.937255 0.082353
0.356863 0.941176 0.082353
0.372549 0.945098 0.082353
0.388235 0.945098 0.082353
0.407843 0.949020 0.082353
0.423529 0.952941 0.082353
0.439216 0.956863 0.082353
0.454902 0.956863 0.082353
0.470588 0.960784 0.082353
0.490196 0.964706 0.082353
0.505882 0.964706 0.082353
0.521569 0.968627 0.082353
0.537255 0.972549 0.082353
0.552941 0.972549 0.082353
0.572549 0.976471 0.082353
0.588235 0.976471 0.082353
0.603922 0.980392 0.082353
0.619608 0.984314 0.082353
0.635294 0.984314 0.078431
0.650980 0.988235 0.078431
0.670588 0.988235 0.078431
0.686275 0.992157 0.078431
0.701961 0.992157 0.078431
0.717647 0.996078 0.078431
0.733333 0.996078 0.078431
0.749020 0.996078 0.078431
0.764706 1.000000 0.078431
0.780392 1.000000 0.078431
0.796078 1.000000 0.078431
0.811765 1.000000 0.078431
0.831373 1.000000 0.078431
0.847059 1.000000 0.078431
