0.250322 0.020462 0.019669
0.255565 0.021116 0.020900
0.260802 0.021764 0.022160
0.266045 0.022383 0.023440
0.276533 0.023561 0.026068
0.281786 0.024102 0.027407
0.287037 0.024629 0.028767
0.292296 0.025115 0.030138
0.302822 0.026010 0.032922
0.308099 0.026392 0.034323
0.313377 0.026748 0.035734
0.318655 0.027079 0.037153
0.329246 0.027587 0.039979
0.334544 0.027795 0.041371
0.339855 0.027947 0.042717
0.345172 0.028054 0.044029
0.355821 0.028153 0.046548
0.361159 0.028122 0.047745
0.366505 0.028042 0.048901
0.371857 0.027919 0.050016
0.382579 0.027535 0.052111
0.387950 0.027272 0.053085
0.393330 0.026952 0.054003
0.398717 0.026583 0.054865
0.409508 0.025714 0.056407
0.414911 0.025217 0.057079
0.420317 0.024684 0.057678
0.425726 0.024120 0.058200
0.436549 0.022909 0.058979
0.441960 0.022281 0.059221
0.447364 0.021662 0.059358
0.452758 0.021073 0.059382
0.463507 0.020024 0.059023
0.468845 0.019646 0.058628
0.474152 0.019402 0.058064
0.479412 0.019363 0.057331
0.489743 0.020146 0.055320
0.494782 0.021128 0.054045
0.499714 0.022619 0.052607
0.504522 0.024700 0.051030
0.513730 0.030865 0.047599
0.518124 0.035005 0.045820
0.522383 0.039845 0.044047
0.526517 0.045117 0.042302
0.534452 0.056132 0.038937
0.538277 0.061748 0.037382
0.542019 0.067382 0.035914
0.545687 0.073000 0.034540
0.552833 0.084128 0.032035
0.556322 0.089621 0.030886
0.559763 0.095052 0.029814
0.312430 0.310447 0.309093
0.315335 0.313352 0.311982
0.318243 0.316260 0.314874
0.321152 0.319169 0.317767
0.326975 0.324992 0.323558
0.329890 0.327906 0.326456
0.332806 0.330822 0.329357
0.335724 0.333741 0.332260
0.341567 0.339585 0.338071
0.344491 0.342510 0.340980
0.347418 0.345438 0.343891
0.350347 0.348368 0.346805
0.356212 0.354236 0.352641
0.359149 0.357173 0.355562
0.362087 0.360114 0.358486
0.365029 0.363057 0.361413
0.370920 0.368952 0.367275
0.373870 0.371904 0.370210
0.376822 0.374858 0.373148
0.379777 0.377815 0.376088
0.385698 0.383741 0.381980
0.388662 0.386708 0.384931
0.391630 0.389678 0.387884
0.394601 0.392652 0.390841
0.400553 0.398610 0.396765
0.403534 0.401594 0.399733
0.406519 0.404582 0.402703
0.409506 0.407573 0.405677
0.415493 0.413566 0.411636
0.418492 0.416569 0.414622
0.421495 0.419575 0.417611
0.424501 0.422585 0.420604
0.430524 0.428617 0.426601
0.433543 0.431639 0.429606
0.436565 0.434665 0.432615
0.439591 0.437696 0.435628
0.445655 0.443768 0.441665
0.448694 0.446812 0.444691
0.451737 0.449859 0.447721
0.454784 0.452911 0.450755
0.460891 0.459028 0.456837
0.463951 0.462093 0.459884
0.467017 0.465163 0.462937
0.470087 0.468238 0.465994
0.476240 0.474402 0.472121
0.479323 0.477491 0.475192
0.482412 0.480584 0.478268
0.485505 0.483684 0.481349
0.491707 0.489897 0.487525
0.494815 0.493010 0.490621
0.497928 0.496129 0.493721
0.504171 0.502383 0.499939
0.507300 0.505518 0.503056
0.510434 0.508658 0.506177
0.513573 0.511803 0.509304
0.519868 0.518111 0.515574
0.523024 0.521273 0.518718
0.526185 0.524441 0.521867
0.529352 0.527614 0.525021
0.535702 0.533977 0.531347
0.538887 0.537169 0.534519
0.542077 0.540365 0.537697
0.545272 0.543567 0.540881
0.551681 0.549989 0.547264
0.554895 0.553210 0.550466
0.558115 0.556437 0.553674
0.561340 0.559670 0.556887
0.567810 0.566153 0.563332
0.571054 0.569405 0.566564
0.574305 0.572663 0.569804
0.577563 0.575928 0.573049
0.584096 0.582476 0.579558
0.587372 0.585759 0.582822
0.590655 0.589050 0.586093
0.593946 0.592348 0.589371
0.600546 0.598963 0.595947
0.603855 0.602280 0.599244
0.607172 0.605604 0.602548
0.610496 0.608937 0.605861
0.617166 0.615622 0.612506
0.620511 0.618974 0.615838
0.623862 0.622334 0.619178
0.627222 0.625701 0.622525
0.633963 0.632458 0.629242
0.637345 0.635848 0.632611
0.640733 0.639244 0.635987
0.644129 0.642648 0.639370
0.650945 0.649481 0.646162
0.654365 0.652908 0.649569
0.657791 0.656343 0.652983
0.661225 0.659785 0.656405
0.668119 0.666695 0.663273
0.671577 0.670162 0.666719
0.675044 0.673637 0.670173
0.678518 0.677119 0.673635
0.685491 0.684109 0.680582
0.688990 0.687617 0.684069
0.692498 0.691133 0.687564
0.696013 0.694657 0.691067
0.703069 0.701729 0.698097
0.706611 0.705280 0.701626
0.710161 0.708839 0.705163
0.717287 0.715981 0.712263
0.720862 0.719565 0.715825
0.724447 0.723159 0.719397
0.728041 0.726762 0.722979
0.735256 0.733994 0.730167
0.738877 0.737623 0.733775
0.742506 0.741261 0.737391
0.746146 0.744910 0.741018
0.753454 0.752235 0.748299
0.757122 0.755911 0.751952
0.760798 0.759597 0.755615
0.764484 0.763292 0.759288
0.771888 0.770713 0.766665
0.775604 0.774438 0.770367
0.779329 0.778172 0.774078
0.783064 0.781915 0.777799
0.790567 0.789435 0.785274
0.794333 0.793210 0.789026
0.798109 0.796995 0.792788
0.801895 0.800789 0.796560
0.809499 0.808411 0.804135
0.813317 0.812237 0.807939
0.817145 0.816074 0.811753
0.820984 0.819922 0.815577
0.828693 0.827648 0.823257
0.832565 0.831529 0.827114
0.836448 0.835420 0.830982
0.840341 0.839322 0.834860
0.848158 0.847157 0.842648
0.852086 0.851093 0.846560
0.856025 0.855040 0.850484
0.859975 0.858999 0.854418
0.867907 0.866948 0.862320
0.871890 0.870940 0.866288
0.875887 0.874945 0.870269
0.879895 0.878962 0.874261
0.887946 0.887029 0.882280
0.891988 0.891080 0.886306
0.896044 0.895144 0.890347
0.900113 0.899221 0.894399
0.908286 0.907411 0.902539
0.912390 0.911523 0.906627
0.916506 0.915648 0.910727
0.920638 0.919787 0.914842
0.928937 0.928103 0.923107
0.933105 0.932279 0.927259
0.937286 0.936468 0.931422
0.941481 0.940671 0.935600
0.949911 0.949117 0.943995
0.954146 0.953360 0.948212
0.958393 0.957615 0.952442
0.971739 0.997378 0.411566
0.966201 0.993727 0.402325
0.960763 0.990057 0.392909
0.955442 0.986363 0.383302
0.945225 0.978879 0.363357
0.940392 0.975065 0.352966
0.935801 0.971185 0.342213
0.931522 0.967212 0.331055
0.924326 0.958826 0.307448
0.921702 0.954295 0.295158
0.919889 0.949461 0.282993
0.918801 0.944334 0.271601
0.917784 0.933543 0.252480
0.917440 0.928041 0.244616
0.917090 0.922522 0.237597
0.916702 0.917004 0.231247
0.915769 0.906006 0.220057
0.915220 0.900534 0.215042
0.914624 0.895078 0.210329
0.913971 0.889645 0.205876
0.912541 0.878833 0.197613
0.911753 0.873460 0.193750
0.910931 0.868104 0.190040
0.910075 0.862766 0.186468
0.908255 0.852148 0.179682
0.907293 0.846867 0.176445
0.906301 0.841604 0.173302
0.905281 0.836358 0.170244
0.903158 0.825918 0.164358
0.902057 0.820723 0.161519
0.900931 0.815544 0.158742
0.899781 0.810382 0.156024
0.897412 0.800105 0.150748
0.896195 0.794989 0.148184
0.894957 0.789889 0.145665
0.893698 0.784804 0.143189
0.891122 0.774678 0.138355
0.889802 0.769638 0.135991
0.888465 0.764612 0.133661
0.887110 0.759600 0.131364
0.884351 0.749616 0.126864
0.882947 0.744643 0.124658
0.881525 0.739685 0.122478
0.880085 0.734741 0.120321
0.877162 0.724890 0.116083
0.875680 0.719983 0.114001
0.874182 0.715088 0.111941
0.872666 0.710208 0.109898
0.869597 0.700481 0.105877
0.868043 0.695635 0.103898
0.866473 0.690801 0.101934
0.864889 0.685980 0.099988
