0.000000 0.203922 0.972549
0.000000 0.215686 0.964706
0.000000 0.227451 0.952941
0.000000 0.239216 0.941176
0.000000 0.247059 0.929412
0.000000 0.254902 0.917647
0.000000 0.266667 0.905882
0.000000 0.274510 0.894118
0.000000 0.282353 0.882353
0.000000 0.290196 0.870588
0.000000 0.298039 0.858824
0.000000 0.309804 0.847059
0.000000 0.317647 0.835294
0.000000 0.325490 0.823529
0.000000 0.329412 0.815686
0.000000 0.337255 0.803922
0.000000 0.345098 0.792157
0.000000 0.352941 0.780392
0.000000 0.360784 0.768627
0.000000 0.368627 0.756863
0.000000 0.376471 0.745098
0.000000 0.380392 0.733333
0.000000 0.388235 0.721569
0.000000 0.396078 0.713725
0.000000 0.400000 0.701961
0.000000 0.407843 0.690196
0.000000 0.415686 0.678431
0.000000 0.419608 0.666667
0.000000 0.427451 0.654902
0.000000 0.431373 0.647059
0.000000 0.435294 0.635294
0.000000 0.443137 0.623529
0.000000 0.447059 0.615686
0.000000 0.450980 0.603922
0.000000 0.458824 0.596078
0.000000 0.462745 0.584314
0.027451 0.466667 0.576471
0.050980 0.470588 0.564706
0.074510 0.474510 0.556863
0.094118 0.478431 0.545098
0.109804 0.482353 0.537255
0.121569 0.486275 0.529412
0.137255 0.490196 0.517647
0.149020 0.494118 0.509804
0.156863 0.498039 0.498039
0.168627 0.501961 0.490196
0.176471 0.505882 0.482353
0.184314 0.509804 0.470588
0.192157 0.513725 0.462745
0.196078 0.517647 0.450980
0.203922 0.521569 0.443137
0.207843 0.525490 0.435294
0.211765 0.529412 0.423529
0.215686 0.533333 0.415686
0.219608 0.537255 0.403922
0.223529 0.541176 0.396078
0.227451 0.545098 0.384314
0.231373 0.549020 0.376471
0.235294 0.556863 0.364706
0.235294 0.560784 0.356863
0.239216 0.564706 0.345098
0.239216 0.568627 0.333333
0.243137 0.572549 0.325490
0.243137 0.576471 0.313725
0.243137 0.580392 0.301961
0.243137 0.584314 0.290196
0.243137 0.588235 0.278431
0.247059 0.592157 0.270588
0.247059 0.596078 0.258824
0.243137 0.600000 0.243137
0.243137 0.603922 0.231373
0.243137 0.607843 0.219608
0.243137 0.611765 0.207843
0.243137 0.615686 0.196078
0.243137 0.619608 0.180392
0.243137 0.623529 0.168627
0.247059 0.627451 0.152941
0.247059 0.631373 0.141176
0.250980 0.635294 0.129412
0.254902 0.639216 0.113725
0.258824 0.643137 0.101961
0.266667 0.647059 0.090196
0.270588 0.650980 0.082353
0.278431 0.654902 0.074510
0.290196 0.654902 0.066667
0.298039 0.658824 0.058824
0.309804 0.662745 0.054902
0.317647 0.662745 0.050980
0.329412 0.666667 0.050980
0.341176 0.670588 0.050980
0.352941 0.670588 0.050980
0.364706 0.674510 0.050980
0.372549 0.678431 0.050980
0.384314 0.678431 0.054902
0.396078 0.682353 0.054902
0.403922 0.682353 0.054902
0.415686 0.686275 0.058824
0.427451 0.690196 0.058824
0.435294 0.690196 0.058824
0.447059 0.694118 0.062745
0.454902 0.694118 0.062745
0.466667 0.698039 0.066667
0.474510 0.698039 0.066667
0.486275 0.701961 0.066667
0.494118 0.705882 0.070588
0.501961 0.705882 0.070588
0.513725 0.709804 0.070588
0.521569 0.709804 0.074510
0.533333 0.713725 0.074510
0.541176 0.713725 0.074510
0.549020 0.717647 0.078431
0.560784 0.721569 0.078431
0.568627 0.721569 0.082353
0.576471 0.725490 0.082353
0.584314 0.725490 0.082353
0.596078 0.729412 0.086275
0.603922 0.729412 0.086275
0.611765 0.733333 0.086275
0.623529 0.733333 0.090196
0.631373 0.737255 0.090196
0.639216 0.737255 0.094118
0.647059 0.741176 0.094118
0.654902 0.745098 0.094118
0.666667 0.745098 0.098039
0.674510 0.749020 0.098039
0.682353 0.749020 0.098039
0.690196 0.752941 0.101961
0.698039 0.752941 0.101961
0.709804 0.756863 0.105882
0.717647 0.756863 0.105882
0.725490 0.760784 0.105882
0.733333 0.760784 0.109804
0.741176 0.764706 0.109804
0.752941 0.764706 0.109804
0.760784 0.768627 0.113725
0.768627 0.768627 0.113725
0.776471 0.772549 0.113725
0.784314 0.772549 0.117647
0.792157 0.776471 0.117647
0.803922 0.776471 0.121569
0.811765 0.780392 0.121569
0.819608 0.780392 0.121569
0.827451 0.784314 0.125490
0.835294 0.784314 0.125490
0.843137 0.788235 0.125490
0.850980 0.788235 0.129412
0.862745 0.792157 0.129412
0.870588 0.792157 0.133333
0.878431 0.792157 0.133333
0.886275 0.796078 0.133333
0.894118 0.796078 0.137255
0.901961 0.800000 0.137255
0.909804 0.800000 0.137255
0.917647 0.800000 0.141176
0.925490 0.803922 0.141176
0.933333 0.803922 0.141176
0.941176 0.803922 0.141176
0.949020 0.803922 0.141176
0.952941 0.803922 0.141176
0.960784 0.800000 0.141176
0.964706 0.800000 0.141176
0.972549 0.796078 0.141176
0.976471 0.792157 0.141176
0.976471 0.788235 0.137255
0.980392 0.784314 0.137255
0.984314 0.780392 0.133333
0.984314 0.776471 0.133333
0.988235 0.772549 0.129412
0.988235 0.768627 0.129412
0.988235 0.760784 0.125490
0.992157 0.756863 0.125490
0.992157 0.752941 0.121569
0.992157 0.745098 0.121569
0.992157 0.741176 0.117647
0.996078 0.733333 0.113725
0.996078 0.729412 0.113725
0.996078 0.725490 0.109804
0.996078 0.717647 0.105882
0.996078 0.713725 0.105882
0.996078 0.709804 0.101961
1.000000 0.701961 0.101961
1.000000 0.698039 0.098039
1.000000 0.690196 0.094118
1.000000 0.686275 0.094118
1.000000 0.682353 0.090196
1.000000 0.674510 0.086275
1.000000 0.670588 0.086275
1.000000 0.662745 0.082353
1.000000 0.658824 0.082353
1.000000 0.654902 0.078431
1.000000 0.647059 0.074510
1.000000 0.643137 0.074510
1.000000 0.635294 0.070588
1.000000 0.631373 0.066667
1.000000 0.623529 0.062745
1.000000 0.619608 0.062745
1.000000 0.611765 0.058824
1.000000 0.607843 0.054902
1.000000 0.603922 0.054902
1.000000 0.596078 0.050980
1.000000 0.592157 0.047059
1.000000 0.584314 0.043137
1.000000 0.580392 0.043137
1.000000 0.572549 0.039216
1.000000 0.568627 0.035294
1.000000 0.560784 0.031373
1.000000 0.556863 0.031373
1.000000 0.549020 0.027451
1.000000 0.545098 0.023529
1.000000 0.537255 0.019608
1.000000 0.533333 0.019608
1.000000 0.525490 0.015686
1.000000 0.517647 0.015686
1.000000 0.513725 0.011765
1.000000 0.505882 0.007843
1.000000 0.501961 0.007843
1.000000 0.494118 0.003922
1.000000 0.486275 0.003922
1.000000 0.482353 0.000000
1.000000 0.474510 0.000000
1.000000 0.470588 0.000000
1.000000 0.462745 0.000000
1.000000 0.454902 0.000000
1.000000 0.447059 0.000000
1.000000 0.443137 0.000000
1.000000 0.435294 0.000000
1.000000 0.427451 0.000000
1.000000 0.423529 0.000000
1.000000 0.415686 0.000000
1.000000 0.407843 0.000000
1.000000 0.400000 0.000000
1.000000 0.392157 0.000000
1.000000 0.384314 0.000000
1.000000 0.380392 0.000000
1.000000 0.372549 0.000000
1.000000 0.364706 0.000000
1.000000 0.356863 0.000000
1.000000 0.349020 0.000000
1.000000 0.341176 0.000000
1.000000 0.333333 0.000000
1.000000 0.325490 0.000000
1.000000 0.313725 0.000000
1.000000 0.305882 0.000000
1.000000 0.298039 0.000000
1.000000 0.290196 0.000000
1.000000 0.278431 0.000000
1.000000 0.270588 0.000000
1.000000 0.258824 0.000000
1.000000 0.250980 0.000000
1.000000 0.239216 0.000000
1.000000 0.227451 0.000000
1.000000 0.215686 0.000000
1.000000 0.203922 0.000000
1.000000 0.192157 0.000000
1.000000 0.176471 0.000000
1.000000 0.164706 0.000000
