0.011765 0.000000 0.423529
0.011765 0.000000 0.435294
0.011765 0.000000 0.447059
0.015686 0.000000 0.458824
0.015686 0.000000 0.470588
0.015686 0.000000 0.482353
0.015686 0.000000 0.494118
0.015686 0.000000 0.505882
0.015686 0.000000 0.517647
0.015686 0.000000 0.529412
0.015686 0.000000 0.541176
0.015686 0.000000 0.552941
0.015686 0.000000 0.564706
0.015686 0.000000 0.576471
0.015686 0.000000 0.588235
0.015686 0.000000 0.600000
0.019608 0.000000 0.611765
0.019608 0.003922 0.623529
0.019608 0.003922 0.635294
0.019608 0.007843 0.643137
0.019608 0.011765 0.654902
0.023529 0.015686 0.666667
0.023529 0.019608 0.674510
0.023529 0.027451 0.682353
0.027451 0.035294 0.694118
0.027451 0.043137 0.701961
0.031373 0.050980 0.709804
0.031373 0.058824 0.717647
0.035294 0.062745 0.725490
0.035294 0.070588 0.733333
0.039216 0.078431 0.741176
0.039216 0.086275 0.749020
0.043137 0.094118 0.756863
0.043137 0.098039 0.764706
0.047059 0.105882 0.768627
0.047059 0.113725 0.776471
0.047059 0.117647 0.784314
0.050980 0.125490 0.792157
0.050980 0.133333 0.800000
0.050980 0.137255 0.807843
0.054902 0.145098 0.815686
0.054902 0.149020 0.823529
0.054902 0.156863 0.831373
0.058824 0.160784 0.839216
0.058824 0.168627 0.847059
0.058824 0.172549 0.854902
0.062745 0.176471 0.862745
0.062745 0.184314 0.870588
0.062745 0.188235 0.878431
0.062745 0.196078 0.886275
0.066667 0.200000 0.890196
0.066667 0.207843 0.898039
0.066667 0.211765 0.905882
0.070588 0.219608 0.913725
0.070588 0.223529 0.921569
0.070588 0.231373 0.925490
0.074510 0.235294 0.929412
0.078431 0.243137 0.933333
0.082353 0.250980 0.937255
0.086275 0.258824 0.941176
0.090196 0.270588 0.937255
0.098039 0.278431 0.937255
0.101961 0.290196 0.933333
0.105882 0.298039 0.925490
0.113725 0.309804 0.917647
0.117647 0.321569 0.909804
0.117647 0.333333 0.898039
0.121569 0.345098 0.882353
0.121569 0.356863 0.870588
0.121569 0.368627 0.854902
0.117647 0.380392 0.839216
0.113725 0.392157 0.823529
0.105882 0.403922 0.803922
0.098039 0.415686 0.788235
0.090196 0.427451 0.772549
0.078431 0.439216 0.752941
0.062745 0.447059 0.737255
0.050980 0.458824 0.717647
0.035294 0.466667 0.701961
0.023529 0.478431 0.682353
0.019608 0.486275 0.662745
0.019608 0.494118 0.643137
0.027451 0.501961 0.623529
0.043137 0.513725 0.603922
0.062745 0.521569 0.584314
0.078431 0.529412 0.564706
0.098039 0.533333 0.541176
0.113725 0.541176 0.521569
0.125490 0.549020 0.498039
0.141176 0.556863 0.474510
0.152941 0.564706 0.450980
0.160784 0.568627 0.431373
0.168627 0.576471 0.407843
0.176471 0.584314 0.384314
0.180392 0.592157 0.360784
0.184314 0.596078 0.333333
0.184314 0.603922 0.309804
0.184314 0.611765 0.286275
0.188235 0.619608 0.262745
0.188235 0.623529 0.239216
0.192157 0.631373 0.215686
0.192157 0.635294 0.196078
0.196078 0.643137 0.172549
0.203922 0.647059 0.152941
0.211765 0.654902 0.133333
0.223529 0.658824 0.113725
0.231373 0.666667 0.094118
0.247059 0.670588 0.078431
0.258824 0.674510 0.066667
0.274510 0.678431 0.054902
0.290196 0.682353 0.043137
0.305882 0.686275 0.035294
0.317647 0.694118 0.031373
0.333333 0.698039 0.027451
0.349020 0.701961 0.023529
0.364706 0.705882 0.023529
0.380392 0.709804 0.023529
0.392157 0.713725 0.019608
0.407843 0.717647 0.019608
0.419608 0.721569 0.019608
0.435294 0.725490 0.019608
0.447059 0.729412 0.019608
0.462745 0.733333 0.019608
0.474510 0.737255 0.019608
0.486275 0.741176 0.015686
0.501961 0.745098 0.015686
0.513725 0.749020 0.015686
0.525490 0.752941 0.015686
0.537255 0.756863 0.015686
0.552941 0.760784 0.015686
0.564706 0.764706 0.015686
0.576471 0.768627 0.015686
0.588235 0.772549 0.011765
0.600000 0.776471 0.011765
0.611765 0.780392 0.011765
0.623529 0.784314 0.011765
0.635294 0.788235 0.011765
0.647059 0.792157 0.011765
0.658824 0.796078 0.011765
0.670588 0.800000 0.011765
0.686275 0.803922 0.011765
0.698039 0.807843 0.007843
0.709804 0.811765 0.007843
0.721569 0.815686 0.007843
0.733333 0.819608 0.007843
0.745098 0.823529 0.007843
0.752941 0.827451 0.007843
0.764706 0.831373 0.007843
0.776471 0.835294 0.007843
0.788235 0.839216 0.007843
0.800000 0.843137 0.003922
0.811765 0.847059 0.003922
0.823529 0.850980 0.003922
0.835294 0.854902 0.003922
0.847059 0.858824 0.003922
0.858824 0.862745 0.003922
0.870588 0.862745 0.003922
0.882353 0.866667 0.003922
0.894118 0.870588 0.003922
0.901961 0.870588 0.003922
0.913725 0.870588 0.003922
0.925490 0.870588 0.007843
0.933333 0.870588 0.007843
0.941176 0.870588 0.007843
0.949020 0.866667 0.011765
0.956863 0.862745 0.011765
0.960784 0.858824 0.015686
0.964706 0.854902 0.019608
0.968627 0.850980 0.019608
0.972549 0.843137 0.023529
0.976471 0.835294 0.027451
0.976471 0.827451 0.031373
0.976471 0.823529 0.031373
0.980392 0.815686 0.035294
0.980392 0.807843 0.039216
0.980392 0.800000 0.043137
0.980392 0.792157 0.043137
0.980392 0.784314 0.047059
0.984314 0.776471 0.050980
0.984314 0.768627 0.050980
0.984314 0.760784 0.054902
0.984314 0.752941 0.054902
0.984314 0.745098 0.058824
0.984314 0.737255 0.058824
0.984314 0.725490 0.062745
0.984314 0.717647 0.062745
0.984314 0.709804 0.066667
0.984314 0.701961 0.066667
0.984314 0.694118 0.070588
0.984314 0.686275 0.070588
0.984314 0.678431 0.070588
0.984314 0.670588 0.074510
0.984314 0.662745 0.074510
0.984314 0.654902 0.074510
0.984314 0.647059 0.078431
0.984314 0.639216 0.078431
0.984314 0.627451 0.078431
0.984314 0.619608 0.082353
0.984314 0.611765 0.082353
0.984314 0.603922 0.082353
0.984314 0.596078 0.082353
0.984314 0.588235 0.082353
0.984314 0.576471 0.082353
0.984314 0.568627 0.082353
0.984314 0.560784 0.082353
0.984314 0.549020 0.082353
0.988235 0.541176 0.082353
0.988235 0.529412 0.078431
0.988235 0.521569 0.078431
0.988235 0.513725 0.078431
0.988235 0.501961 0.074510
0.988235 0.490196 0.074510
0.992157 0.482353 0.070588
0.992157 0.470588 0.070588
0.992157 0.458824 0.070588
0.992157 0.450980 0.066667
0.992157 0.439216 0.066667
0.992157 0.427451 0.066667
0.992157 0.415686 0.062745
0.996078 0.403922 0.062745
0.996078 0.392157 0.058824
0.996078 0.380392 0.058824
0.996078 0.368627 0.058824
0.996078 0.356863 0.058824
0.996078 0.345098 0.054902
0.996078 0.329412 0.054902
0.996078 0.317647 0.054902
0.996078 0.301961 0.050980
0.996078 0.290196 0.050980
0.996078 0.274510 0.050980
0.992157 0.258824 0.050980
0.992157 0.247059 0.050980
0.988235 0.231373 0.050980
0.988235 0.219608 0.050980
0.984314 0.203922 0.050980
0.980392 0.192157 0.047059
0.976471 0.180392 0.047059
0.968627 0.168627 0.047059
0.964706 0.160784 0.047059
0.956863 0.149020 0.047059
0.952941 0.141176 0.050980
0.945098 0.133333 0.050980
0.937255 0.125490 0.050980
0.929412 0.117647 0.050980
0.921569 0.109804 0.050980
0.913725 0.105882 0.050980
0.909804 0.098039 0.050980
0.901961 0.090196 0.050980
0.894118 0.082353 0.050980
0.886275 0.074510 0.050980
0.878431 0.066667 0.050980
0.870588 0.058824 0.050980
0.862745 0.050980 0.050980
0.854902 0.039216 0.050980
0.847059 0.027451 0.050980
0.839216 0.019608 0.050980
