0.934590 0.930847 0.952712
0.931743 0.926556 0.946141
0.928832 0.922290 0.939726
0.925901 0.918042 0.933381
0.922949 0.913812 0.927109
0.919978 0.909599 0.920903
0.916983 0.905404 0.914771
0.913969 0.901226 0.908706
0.910929 0.897068 0.902718
0.907858 0.892929 0.896814
0.904753 0.888811 0.891008
0.901611 0.884711 0.885322
0.898477 0.880607 0.879801
0.895716 0.876373 0.874244
0.893443 0.872038 0.867913
0.891186 0.867755 0.861145
0.888936 0.863501 0.854210
0.886712 0.859261 0.847174
0.884527 0.855027 0.840049
0.882374 0.850799 0.832861
0.880255 0.846576 0.825614
0.878172 0.842357 0.818310
0.876119 0.838142 0.810962
0.874093 0.833931 0.803574
0.872095 0.829724 0.796148
0.870128 0.825520 0.788679
0.868186 0.821321 0.781177
0.866269 0.817124 0.773643
0.864375 0.812932 0.766081
0.862503 0.808743 0.758491
0.860655 0.804558 0.750873
0.858827 0.800376 0.743230
0.856962 0.796219 0.735586
0.855050 0.792097 0.727900
0.853085 0.788012 0.720168
0.851055 0.783969 0.712396
0.848933 0.779979 0.704597
0.846722 0.776040 0.696764
0.844409 0.772159 0.688899
0.841983 0.768341 0.681007
0.839386 0.764607 0.673128
0.836635 0.760951 0.665245
0.833684 0.757392 0.657396
0.830510 0.753937 0.649603
0.827080 0.750598 0.641904
0.823380 0.747379 0.634329
0.819353 0.744297 0.626954
0.815019 0.741344 0.619799
0.810367 0.738517 0.612915
0.805379 0.735820 0.606366
0.800109 0.733228 0.600146
0.794579 0.730729 0.594272
0.788801 0.728316 0.588759
0.782850 0.725958 0.583558
0.776706 0.723661 0.578695
0.770452 0.721395 0.574099
0.764074 0.719164 0.569777
0.757610 0.716955 0.565690
0.751087 0.714758 0.561808
0.744507 0.712572 0.558118
0.737873 0.710397 0.554611
0.731208 0.708225 0.551253
0.724522 0.706053 0.548030
0.717818 0.703881 0.544930
0.711101 0.701707 0.541940
0.704375 0.699530 0.539048
0.697643 0.697350 0.536245
0.690908 0.695166 0.533521
0.684173 0.692977 0.530868
0.677439 0.690783 0.528277
0.670708 0.688585 0.525742
0.663983 0.686381 0.523255
0.657263 0.684172 0.520810
0.650531 0.681963 0.518418
0.643805 0.679749 0.516059
0.637083 0.677530 0.513729
0.630371 0.675306 0.511421
0.623662 0.673079 0.509132
0.616934 0.670854 0.506883
0.610210 0.668625 0.504646
0.603490 0.666392 0.502420
0.596768 0.664158 0.500205
0.590023 0.661927 0.498018
0.583279 0.659693 0.495833
0.576534 0.657457 0.493649
0.569758 0.655227 0.491488
0.562973 0.652996 0.489330
0.556185 0.650763 0.487168
0.549355 0.648538 0.485027
0.542526 0.646308 0.482889
0.535661 0.644084 0.480760
0.528792 0.641854 0.478660
0.521885 0.639629 0.476573
0.514938 0.637410 0.474501
0.507977 0.635186 0.472460
0.500976 0.632966 0.470438
0.493929 0.630751 0.468436
0.486849 0.628535 0.466464
0.479735 0.626318 0.464524
0.472568 0.624106 0.462608
0.465349 0.621896 0.460721
0.458096 0.619683 0.458875
0.450792 0.617470 0.457064
0.443429 0.615259 0.455288
0.436005 0.613049 0.453548
0.428525 0.610838 0.451852
0.420999 0.608621 0.450204
0.413405 0.606404 0.448601
0.405744 0.604185 0.447044
0.398010 0.601964 0.445538
0.390206 0.599739 0.444082
0.382333 0.597508 0.442683
0.374399 0.595269 0.441346
0.366390 0.593022 0.440070
0.358303 0.590768 0.438855
0.350139 0.588504 0.437704
0.341897 0.586229 0.436621
0.333579 0.583941 0.435607
0.325183 0.581640 0.434664
0.316713 0.579322 0.433795
0.308169 0.576987 0.433001
0.299555 0.574632 0.432284
0.290875 0.572255 0.431643
0.282132 0.569854 0.431081
0.273333 0.567427 0.430597
0.264484 0.564972 0.430189
0.255593 0.562487 0.429857
0.246671 0.559969 0.429599
0.237725 0.557417 0.429412
0.228797 0.554824 0.429298
0.219878 0.552192 0.429247
0.210978 0.549521 0.429256
0.202113 0.546808 0.429317
0.193297 0.544053 0.429426
0.184546 0.541256 0.429576
0.175875 0.538415 0.429760
0.167299 0.535531 0.429972
0.158864 0.532601 0.430208
0.150568 0.529627 0.430459
0.142412 0.526612 0.430717
0.134409 0.523556 0.430977
0.126569 0.520462 0.431232
0.118904 0.517331 0.431478
0.111425 0.514164 0.431709
0.104140 0.510963 0.431922
0.097058 0.507730 0.432113
0.090187 0.504467 0.432280
0.083536 0.501176 0.432419
0.077112 0.497859 0.432527
0.070921 0.494518 0.432604
0.064971 0.491154 0.432647
0.059268 0.487770 0.432655
0.053820 0.484366 0.432628
0.048631 0.480946 0.432565
0.043710 0.477510 0.432465
0.039051 0.474061 0.432329
0.034969 0.470594 0.432158
0.031435 0.467115 0.431957
0.028229 0.463631 0.431723
0.025323 0.460143 0.431461
0.022716 0.456650 0.431170
0.020410 0.453153 0.430850
0.018408 0.449650 0.430499
0.016729 0.446141 0.430117
0.015390 0.442625 0.429699
0.014354 0.439103 0.429250
0.013625 0.435574 0.428767
0.013203 0.432038 0.428252
0.013090 0.428495 0.427702
0.013286 0.424945 0.427116
0.013792 0.421386 0.426494
0.014606 0.417819 0.425833
0.015728 0.414244 0.425134
0.017157 0.410659 0.424395
0.018890 0.407066 0.423614
0.020924 0.403463 0.422789
0.023256 0.399851 0.421921
0.025880 0.396229 0.421006
0.028792 0.392597 0.420043
0.031985 0.388955 0.419032
0.035452 0.385304 0.417969
0.039183 0.381643 0.416855
0.043074 0.377972 0.415686
0.046972 0.374291 0.414462
0.050870 0.370601 0.413182
0.054755 0.366902 0.411842
0.058617 0.363194 0.410443
0.062445 0.359477 0.408983
0.066230 0.355752 0.407460
0.069986 0.352018 0.405868
0.073683 0.348277 0.404212
0.077316 0.344529 0.402490
0.080877 0.340775 0.400702
0.084362 0.337015 0.398847
0.087768 0.333251 0.396924
0.091089 0.329483 0.394934
0.094322 0.325711 0.392877
0.097465 0.321936 0.390752
0.100514 0.318159 0.388561
0.103467 0.314382 0.386303
0.106323 0.310603 0.383979
0.109089 0.306824 0.381586
0.111752 0.303046 0.379130
0.114312 0.299269 0.376612
0.116767 0.295494 0.374033
0.119118 0.291723 0.371395
0.121365 0.287954 0.368698
0.123507 0.284190 0.365946
0.125545 0.280430 0.363140
0.127479 0.276674 0.360281
0.129311 0.272925 0.357372
0.131040 0.269180 0.354414
0.132669 0.265442 0.351410
0.134198 0.261709 0.348361
0.135628 0.257984 0.345271
0.136960 0.254264 0.342140
0.138197 0.250552 0.338971
0.139339 0.246847 0.335766
0.140388 0.243148 0.332527
0.141346 0.239456 0.329257
0.142215 0.235772 0.325956
0.143024 0.232088 0.322624
0.143721 0.228411 0.319311
0.144317 0.224738 0.316016
0.144817 0.221069 0.312740
0.145227 0.217403 0.309484
0.145550 0.213740 0.306247
0.145792 0.210079 0.303030
0.145955 0.206418 0.299833
0.146045 0.202758 0.296657
0.146064 0.199098 0.293501
0.146013 0.195437 0.290367
0.145898 0.191774 0.287254
0.145722 0.188108 0.284162
0.145489 0.184437 0.281091
0.145203 0.180761 0.278042
0.144868 0.177078 0.275015
0.144478 0.173389 0.272009
0.144041 0.169692 0.269024
0.143564 0.165984 0.266061
0.143044 0.162266 0.263119
0.142482 0.158536 0.260198
0.141887 0.154791 0.257298
0.141250 0.151033 0.254419
0.140585 0.147256 0.251559
0.139887 0.143462 0.248720
0.139156 0.139648 0.245900
0.138397 0.135813 0.243098
0.137612 0.131953 0.240315
0.136801 0.128067 0.237551
0.135969 0.124152 0.234804
0.135108 0.120209 0.232073
0.134229 0.116230 0.229360
0.133334 0.112212 0.226663
0.132425 0.108151 0.223984
0.131572 0.104006 0.221336
