0.201425 0.077308 0.093420
0.206232 0.079062 0.095416
0.211043 0.080795 0.097378
0.215858 0.082508 0.099307
0.220678 0.084201 0.101202
0.225502 0.085873 0.103063
0.230331 0.087527 0.104889
0.235165 0.089161 0.106681
0.240004 0.090776 0.108438
0.244848 0.092374 0.110159
0.249697 0.093953 0.111845
0.254552 0.095516 0.113494
0.259411 0.097061 0.115107
0.264276 0.098590 0.116683
0.269146 0.100103 0.118222
0.274021 0.101600 0.119723
0.278901 0.103082 0.121186
0.283786 0.104550 0.122610
0.288676 0.106004 0.123994
0.293571 0.107444 0.125338
0.298471 0.108869 0.126641
0.303375 0.110283 0.127903
0.308284 0.111685 0.129123
0.313197 0.113075 0.130301
0.318114 0.114455 0.131436
0.323034 0.115825 0.132527
0.327958 0.117185 0.133572
0.332886 0.118536 0.134572
0.337816 0.119880 0.135527
0.342747 0.121217 0.136435
0.347682 0.122548 0.137294
0.352618 0.123873 0.138105
0.357554 0.125194 0.138867
0.362491 0.126513 0.139580
0.367429 0.127828 0.140240
0.372365 0.129143 0.140850
0.377299 0.130460 0.141408
0.382233 0.131776 0.141910
0.387163 0.133097 0.142360
0.392088 0.134423 0.142756
0.397010 0.135753 0.143094
0.401926 0.137092 0.143377
0.406835 0.138440 0.143603
0.411737 0.139800 0.143771
0.416629 0.141173 0.143883
0.421512 0.142561 0.143933
0.426382 0.143967 0.143928
0.431241 0.145391 0.143860
0.436084 0.146838 0.143735
0.440913 0.148308 0.143548
0.445724 0.149805 0.143305
0.450517 0.151330 0.142999
0.455289 0.152888 0.142637
0.460039 0.154478 0.142215
0.464765 0.156105 0.141736
0.469465 0.157770 0.141200
0.474138 0.159477 0.140609
0.478781 0.161227 0.139964
0.483394 0.163023 0.139265
0.487974 0.164868 0.138516
0.492520 0.166763 0.137718
0.497029 0.168709 0.136872
0.501501 0.170710 0.135983
0.505934 0.172767 0.135051
0.510327 0.174880 0.134080
0.514678 0.177051 0.133073
0.518987 0.179281 0.132032
0.523252 0.181571 0.130960
0.527473 0.183920 0.129860
0.531649 0.186329 0.128736
0.535779 0.188798 0.127590
0.539863 0.191327 0.126424
0.543902 0.193914 0.125243
0.547894 0.196559 0.124047
0.551841 0.199261 0.122842
0.555741 0.202019 0.121628
0.559597 0.204831 0.120407
0.563407 0.207696 0.119184
0.567173 0.210613 0.117957
0.570895 0.213580 0.116733
0.574574 0.216596 0.115509
0.578211 0.219657 0.114290
0.581806 0.222764 0.113075
0.585360 0.225914 0.111868
0.588873 0.229106 0.110666
0.592348 0.232338 0.109476
0.595784 0.235608 0.108293
0.599183 0.238915 0.107123
0.602544 0.242257 0.105964
0.605870 0.245633 0.104816
0.609161 0.249041 0.103683
0.612417 0.252481 0.102561
0.615640 0.255949 0.101455
0.618830 0.259446 0.100365
0.621988 0.262971 0.099287
0.625115 0.266522 0.098226
0.628211 0.270097 0.097183
0.631278 0.273696 0.096154
0.634314 0.277319 0.095141
0.637323 0.280964 0.094148
0.640303 0.284629 0.093173
0.643255 0.288316 0.092214
0.646181 0.292023 0.091273
0.649080 0.295748 0.090352
0.651953 0.299491 0.089452
0.654801 0.303252 0.088571
0.657624 0.307031 0.087710
0.660422 0.310826 0.086868
0.663196 0.314638 0.086048
0.665946 0.318465 0.085249
0.668674 0.322306 0.084474
0.671378 0.326163 0.083722
0.674060 0.330034 0.082994
0.676720 0.333918 0.082288
0.679357 0.337817 0.081607
0.681973 0.341729 0.080951
0.684567 0.345654 0.080321
0.687141 0.349591 0.079717
0.689693 0.353541 0.079140
0.692226 0.357503 0.078591
0.694737 0.361477 0.078070
0.697229 0.365463 0.077579
0.699701 0.369461 0.077118
0.702154 0.373469 0.076688
0.704587 0.377489 0.076289
0.707001 0.381520 0.075922
0.709396 0.385562 0.075588
0.711772 0.389614 0.075288
0.714130 0.393678 0.075023
0.716469 0.397751 0.074792
0.718790 0.401835 0.074598
0.721093 0.405929 0.074439
0.723377 0.410034 0.074318
0.725644 0.414148 0.074235
0.727893 0.418273 0.074190
0.730125 0.422408 0.074184
0.732338 0.426552 0.074218
0.734535 0.430706 0.074293
0.736716 0.434869 0.074410
0.738879 0.439042 0.074569
0.741025 0.443225 0.074768
0.743154 0.447418 0.075010
0.745266 0.451620 0.075293
0.747361 0.455832 0.075619
0.749439 0.460053 0.075987
0.751501 0.464283 0.076401
0.753548 0.468523 0.076859
0.755578 0.472772 0.077359
0.757592 0.477030 0.077903
0.759589 0.481298 0.078490
0.761570 0.485576 0.079119
0.763535 0.489863 0.079793
0.765486 0.494158 0.080512
0.767420 0.498463 0.081273
0.769337 0.502777 0.082077
0.771239 0.507102 0.082921
0.773125 0.511435 0.083809
0.774997 0.515777 0.084741
0.776853 0.520128 0.085713
0.778693 0.524489 0.086725
0.780517 0.528860 0.087777
0.782326 0.533239 0.088871
0.784121 0.537628 0.090005
0.785900 0.542026 0.091177
0.787663 0.546434 0.092386
0.789410 0.550852 0.093634
0.791145 0.555277 0.094921
0.792863 0.559713 0.096243
0.794566 0.564159 0.097600
0.796253 0.568614 0.098992
0.797927 0.573077 0.100421
0.799586 0.577551 0.101884
0.801228 0.582035 0.103377
0.802856 0.586528 0.104905
0.804471 0.591030 0.106466
0.806069 0.595543 0.108057
0.807651 0.600066 0.109677
0.809221 0.604597 0.111329
0.810776 0.609138 0.113011
0.812314 0.613690 0.114719
0.813838 0.618251 0.116456
0.815349 0.622822 0.118222
0.816844 0.627403 0.120013
0.818322 0.631995 0.121829
0.819789 0.636595 0.123674
0.821240 0.641206 0.125542
0.822674 0.645829 0.127433
0.824095 0.650460 0.129349
0.825502 0.655101 0.131289
0.826892 0.659754 0.133249
0.828268 0.664416 0.135233
0.829630 0.669089 0.137238
0.830975 0.673773 0.139263
0.832306 0.678467 0.141309
0.833624 0.683172 0.143376
0.834923 0.687888 0.145461
0.836209 0.692614 0.147566
0.837481 0.697351 0.149689
0.838735 0.702099 0.151829
0.839976 0.706858 0.153988
0.841202 0.711628 0.156164
0.842409 0.716410 0.158355
0.843604 0.721202 0.160565
0.844783 0.726006 0.162790
0.845943 0.730822 0.165028
0.847092 0.735648 0.167285
0.848222 0.740486 0.169555
0.849335 0.745337 0.171838
0.850436 0.750198 0.174138
0.851518 0.755072 0.176450
0.852584 0.759958 0.178775
0.853635 0.764855 0.181115
0.854666 0.769766 0.183465
0.855685 0.774687 0.185830
0.856684 0.779621 0.188207
0.857665 0.784568 0.190594
0.858633 0.789527 0.192995
0.859580 0.794499 0.195406
0.860512 0.799484 0.197828
0.861426 0.804481 0.200262
0.862319 0.809492 0.202705
0.863199 0.814515 0.205161
0.864057 0.819552 0.207625
0.864899 0.824602 0.210100
0.865722 0.829665 0.212585
0.866523 0.834743 0.215078
0.867310 0.839833 0.217582
0.868074 0.844938 0.220095
0.868821 0.850056 0.222617
0.869548 0.855188 0.225148
0.870252 0.860335 0.227686
0.870940 0.865495 0.230235
0.871603 0.870671 0.232791
0.872250 0.875860 0.235356
0.872874 0.881065 0.237929
0.873476 0.886284 0.240510
0.874058 0.891517 0.243099
0.874613 0.896768 0.245694
0.875153 0.902031 0.248299
0.875665 0.907311 0.250910
0.876158 0.912606 0.253530
0.876625 0.917917 0.256156
0.877069 0.923243 0.258789
0.877490 0.928585 0.261430
0.877883 0.933944 0.264077
0.878258 0.939318 0.266733
0.878600 0.944710 0.269393
0.878924 0.950116 0.272063
0.879216 0.955541 0.274737
0.879485 0.960981 0.277420
0.879726 0.966439 0.280108
0.879939 0.971914 0.282803
0.880126 0.977406 0.285505
0.880281 0.982916 0.288212
0.880413 0.988442 0.290928
0.880508 0.993988 0.293647
