0.089823 0.138688 0.053396
0.094905 0.145637 0.054896
0.099968 0.152545 0.056354
0.104993 0.159426 0.057679
0.109984 0.166282 0.058882
0.114933 0.173120 0.059909
0.119847 0.179940 0.060793
0.124730 0.186744 0.061533
0.129581 0.193535 0.062115
0.134400 0.200315 0.062531
0.139193 0.207085 0.062798
0.143955 0.213848 0.062880
0.148735 0.220591 0.062841
0.153550 0.227316 0.062601
0.158410 0.234020 0.062140
0.163329 0.240703 0.061439
0.168333 0.247360 0.060473
0.173452 0.253984 0.059241
0.178729 0.260565 0.057694
0.184223 0.267091 0.055771
0.190044 0.273534 0.053439
0.196401 0.279838 0.050591
0.203818 0.285858 0.047348
0.213480 0.291214 0.045423
0.224638 0.295999 0.047920
0.235708 0.300724 0.051399
0.246664 0.305422 0.055137
0.257546 0.310088 0.058965
0.268359 0.314729 0.062822
0.279128 0.319340 0.066672
0.289836 0.323932 0.070510
0.300498 0.328503 0.074326
0.311155 0.333044 0.078102
0.321803 0.337557 0.081843
0.332433 0.342050 0.085553
0.343077 0.346511 0.089221
0.353730 0.350945 0.092852
0.364389 0.355355 0.096451
0.375045 0.359747 0.100026
0.385710 0.364117 0.103573
0.396386 0.368466 0.107097
0.407121 0.372775 0.110583
0.417876 0.377063 0.114047
0.428642 0.381333 0.117497
0.439443 0.385578 0.120928
0.450296 0.389790 0.124334
0.461158 0.393989 0.127737
0.472056 0.398165 0.131128
0.483021 0.402304 0.134496
0.493999 0.406432 0.137867
0.505044 0.410523 0.141218
0.516131 0.414592 0.144564
0.527223 0.418657 0.147923
0.538423 0.422667 0.151249
0.549674 0.426651 0.154581
0.560892 0.430649 0.158022
0.572189 0.434609 0.161491
0.583560 0.438530 0.164995
0.594914 0.442461 0.168624
0.606347 0.446353 0.172293
0.617832 0.450220 0.176039
0.629307 0.454095 0.179932
0.640849 0.457938 0.183910
0.652448 0.461753 0.187995
0.664084 0.465552 0.192223
0.675708 0.469362 0.196657
0.687362 0.473161 0.201279
0.699038 0.476951 0.206126
0.710747 0.480725 0.211247
0.722423 0.484522 0.216712
0.734099 0.488318 0.222602
0.745613 0.492208 0.229129
0.756995 0.496169 0.236424
0.768018 0.500331 0.244906
0.778343 0.504891 0.255115
0.787294 0.510271 0.267660
0.794184 0.516944 0.282151
0.799476 0.524674 0.297026
0.803901 0.533002 0.311527
0.807827 0.541681 0.325592
0.811519 0.550534 0.339226
0.814957 0.559550 0.352726
0.818420 0.568547 0.366177
0.821887 0.577540 0.379623
0.825352 0.586532 0.393081
0.828820 0.595524 0.406554
0.832289 0.604519 0.420044
0.835766 0.613515 0.433546
0.839253 0.622513 0.447060
0.842749 0.631516 0.460593
0.846259 0.640523 0.474139
0.849783 0.649537 0.487705
0.853324 0.658558 0.501287
0.856882 0.667588 0.514892
0.860459 0.676627 0.528517
0.864062 0.685675 0.542156
0.867687 0.694735 0.555816
0.871343 0.703806 0.569488
0.875027 0.712890 0.583180
0.878742 0.721988 0.596888
0.882493 0.731100 0.610609
0.886278 0.740229 0.624348
0.890103 0.749373 0.638101
0.893970 0.758534 0.651865
0.897878 0.767714 0.665643
0.901833 0.776913 0.679435
0.905838 0.786131 0.693232
0.909894 0.795370 0.707041
0.914002 0.804631 0.720859
0.918167 0.813914 0.734684
0.922394 0.823220 0.748509
0.926633 0.832565 0.762412
0.930959 0.841929 0.776266
0.935331 0.851328 0.790135
0.939767 0.860755 0.803994
0.944285 0.870208 0.817819
0.948856 0.879693 0.831653
0.953513 0.889198 0.845442
0.958218 0.898723 0.859217
0.962968 0.908241 0.872934
0.967737 0.917706 0.886529
0.972447 0.927042 0.899925
0.976958 0.936123 0.913010
0.981094 0.944750 0.925561
0.984619 0.952650 0.937270
0.987204 0.959499 0.947819
0.988542 0.964943 0.956805
0.988401 0.968644 0.963800
0.988416 0.970050 0.964608
0.988248 0.969195 0.959085
0.986220 0.966450 0.951302
0.982532 0.962031 0.941622
0.977495 0.956251 0.930398
0.971451 0.949453 0.918039
0.964733 0.941960 0.904841
0.957603 0.934036 0.891107
0.950254 0.925875 0.877060
0.942820 0.917604 0.862809
0.935380 0.909300 0.848437
0.927973 0.901005 0.834002
0.920616 0.892740 0.819549
0.913328 0.884513 0.805038
0.906105 0.876327 0.790514
0.898872 0.868210 0.776024
0.891360 0.860259 0.761694
0.883495 0.852508 0.747514
0.875135 0.845001 0.733597
0.866036 0.837814 0.720223
0.856063 0.830978 0.707628
0.845085 0.824504 0.696254
0.833124 0.818339 0.686524
0.820558 0.812335 0.678318
0.807723 0.806380 0.671315
0.794746 0.800437 0.665325
0.781823 0.794459 0.659983
0.769004 0.788442 0.655104
0.756298 0.782392 0.650579
0.743717 0.776311 0.646319
0.731286 0.770196 0.642236
0.718985 0.764060 0.638291
0.706814 0.757906 0.634434
0.694774 0.751738 0.630628
0.682854 0.745559 0.626860
0.671001 0.739384 0.623174
0.659266 0.733204 0.619465
0.647636 0.727024 0.615721
0.636036 0.720861 0.612037
0.624508 0.714708 0.608323
0.613049 0.708567 0.604559
0.601589 0.702450 0.600849
0.590199 0.696345 0.597063
0.578794 0.690268 0.593297
0.567384 0.684219 0.589522
0.555976 0.678195 0.585722
0.544545 0.672199 0.581931
0.533028 0.666247 0.578152
0.521612 0.660286 0.574345
0.510046 0.654380 0.570589
0.498546 0.648468 0.566852
0.486921 0.642600 0.563150
0.475318 0.636734 0.559483
0.463588 0.630904 0.555881
0.451794 0.625093 0.552329
0.439978 0.619286 0.548827
0.428018 0.613512 0.545389
0.416061 0.607729 0.542013
0.403986 0.601964 0.538713
0.391748 0.596223 0.535500
0.379540 0.590458 0.532356
0.367198 0.584703 0.529300
0.354717 0.578954 0.526332
0.342199 0.573186 0.523453
0.329632 0.567398 0.520664
0.316954 0.561598 0.517974
0.304185 0.555779 0.515381
0.291358 0.549930 0.512887
0.278621 0.544024 0.510477
0.265877 0.538075 0.508164
0.253173 0.532073 0.505942
0.240580 0.526008 0.503796
0.228173 0.519871 0.501712
0.216036 0.513652 0.499673
0.204255 0.507344 0.497671
0.192946 0.500940 0.495674
0.182216 0.494436 0.493658
0.172172 0.487830 0.491597
0.162912 0.481122 0.489466
0.154517 0.474316 0.487241
0.147043 0.467417 0.484903
0.140511 0.460434 0.482427
0.134922 0.453375 0.479810
0.130280 0.446246 0.477043
0.126594 0.439050 0.474117
0.123684 0.431807 0.471027
0.121465 0.424526 0.467789
0.119840 0.417212 0.464412
0.118461 0.409893 0.460962
0.116875 0.402602 0.457516
0.115101 0.395339 0.454081
0.113141 0.388101 0.450656
0.111022 0.380883 0.447253
0.108751 0.373685 0.443876
0.106326 0.366506 0.440523
0.103754 0.359342 0.437196
0.101040 0.352193 0.433898
0.098208 0.345054 0.430639
0.095249 0.337923 0.427414
0.092167 0.330800 0.424223
0.088987 0.323678 0.421077
0.085705 0.316557 0.417974
0.082329 0.309434 0.414914
0.078881 0.302302 0.411908
0.075354 0.295161 0.408948
0.071782 0.288003 0.406051
0.068159 0.280827 0.403205
0.064489 0.273631 0.400406
0.060820 0.266404 0.397677
0.057161 0.259141 0.395017
0.053515 0.251841 0.392407
0.049932 0.244494 0.389870
0.046439 0.237091 0.387400
0.043082 0.229625 0.385004
0.039882 0.222090 0.382665
0.036966 0.214471 0.380395
0.035040 0.206738 0.377995
0.034784 0.198868 0.375147
0.036054 0.190876 0.371739
0.038604 0.182791 0.367670
0.042042 0.174648 0.362864
0.045808 0.166487 0.357294
0.049530 0.158339 0.350978
0.052948 0.150229 0.343978
0.055897 0.142169 0.336378
0.058324 0.134159 0.328272
0.060189 0.126194 0.319754
0.061523 0.118267 0.310879
