0.156102 0.102608 0.172722
0.161488 0.108633 0.183442
0.166812 0.114599 0.194259
0.172070 0.120513 0.205186
0.177260 0.126379 0.216231
0.182375 0.132204 0.227402
0.187413 0.137992 0.238706
0.192367 0.143747 0.250149
0.197232 0.149476 0.261734
0.202003 0.155183 0.273466
0.206673 0.160872 0.285344
0.211235 0.166549 0.297369
0.215682 0.172220 0.309540
0.220003 0.177889 0.321859
0.224182 0.183563 0.334343
0.228216 0.189249 0.346959
0.232091 0.194957 0.359692
0.235779 0.200694 0.372581
0.239276 0.206471 0.385562
0.242547 0.212301 0.398653
0.245582 0.218199 0.411796
0.248331 0.224182 0.425003
0.250772 0.230270 0.438204
0.252866 0.236488 0.451345
0.254568 0.242864 0.464356
0.255832 0.249430 0.477140
0.256615 0.256220 0.489577
0.256873 0.263268 0.501525
0.256605 0.270601 0.512796
0.255825 0.278233 0.523219
0.254598 0.286156 0.532637
0.253038 0.294336 0.540950
0.251282 0.302717 0.548142
0.249468 0.311235 0.554277
0.247716 0.319830 0.559470
0.246112 0.328450 0.563865
0.244722 0.337055 0.567603
0.243579 0.345620 0.570813
0.242698 0.354131 0.573602
0.242095 0.362574 0.576065
0.241760 0.370949 0.578273
0.241690 0.379255 0.580286
0.241878 0.387491 0.582154
0.242309 0.395663 0.583913
0.242970 0.403774 0.585594
0.243846 0.411829 0.587222
0.244926 0.419832 0.588818
0.246193 0.427789 0.590397
0.247631 0.435705 0.591971
0.249228 0.443585 0.593549
0.250967 0.451434 0.595140
0.252835 0.459257 0.596747
0.254818 0.467058 0.598376
0.256905 0.474842 0.600029
0.259083 0.482613 0.601706
0.261340 0.490375 0.603407
0.263666 0.498132 0.605133
0.266052 0.505887 0.606881
0.268488 0.513643 0.608647
0.270968 0.521404 0.610429
0.273486 0.529172 0.612224
0.276035 0.536950 0.614026
0.278614 0.544740 0.615830
0.281219 0.552545 0.617632
0.283850 0.560365 0.619424
0.286507 0.568202 0.621202
0.289194 0.576059 0.622958
0.291913 0.583934 0.624685
0.294673 0.591829 0.626376
0.297480 0.599744 0.628025
0.300345 0.607679 0.629624
0.303280 0.615633 0.631165
0.306300 0.623605 0.632641
0.309421 0.631594 0.634045
0.312664 0.639599 0.635370
0.316048 0.647616 0.636607
0.319599 0.655645 0.637752
0.323343 0.663680 0.638796
0.327310 0.671720 0.639734
0.331529 0.679760 0.640561
0.336035 0.687795 0.641270
0.340864 0.695820 0.641857
0.346054 0.703829 0.642321
0.351645 0.711816 0.642659
0.357676 0.719774 0.642872
0.364189 0.727695 0.642956
0.371227 0.735570 0.642919
0.378828 0.743390 0.642768
0.387032 0.751146 0.642506
0.395875 0.758827 0.642151
0.405388 0.766422 0.641715
0.415597 0.773921 0.641223
0.426520 0.781312 0.640696
0.438163 0.788586 0.640169
0.450529 0.795733 0.639674
0.463599 0.802746 0.639255
0.477347 0.809617 0.638954
0.491733 0.816345 0.638818
0.506705 0.822928 0.638896
0.522200 0.829370 0.639235
0.538148 0.835675 0.639876
0.554478 0.841852 0.640859
0.571112 0.847911 0.642217
0.587984 0.853865 0.643971
0.605019 0.859727 0.646144
0.622168 0.865510 0.648740
0.639376 0.871228 0.651766
0.656593 0.876895 0.655221
0.673793 0.882521 0.659096
0.690948 0.888119 0.663382
0.708034 0.893699 0.668068
0.725036 0.899269 0.673139
0.741942 0.904839 0.678582
0.758747 0.910416 0.684380
0.775447 0.916005 0.690518
0.792044 0.921612 0.696981
0.808541 0.927240 0.703754
0.824944 0.932893 0.710822
0.841242 0.938579 0.718173
0.857456 0.944297 0.725795
0.873599 0.950045 0.733675
0.889651 0.955834 0.741802
0.905651 0.961657 0.750169
0.921585 0.967521 0.758765
0.937480 0.973419 0.767584
0.953323 0.979361 0.776620
0.969149 0.985336 0.785870
0.984937 0.991355 0.795327
0.052375 0.145255 0.077520
0.056226 0.152346 0.080403
0.060071 0.159396 0.083248
0.063852 0.166423 0.085997
0.067565 0.173431 0.088641
0.071214 0.180422 0.091187
0.074799 0.187398 0.093631
0.078322 0.194362 0.095978
0.081782 0.201317 0.098225
0.085182 0.208264 0.100373
0.088525 0.215204 0.102426
0.091810 0.222139 0.104384
0.095038 0.229072 0.106245
0.098210 0.236003 0.108010
0.101329 0.242933 0.109682
0.104393 0.249865 0.111259
0.107448 0.256791 0.112744
0.110626 0.263695 0.114100
0.113953 0.270574 0.115290
0.117477 0.277425 0.116291
0.121300 0.284232 0.117094
0.125534 0.290978 0.117668
0.130388 0.297632 0.117991
0.136178 0.304140 0.118042
0.143482 0.310393 0.117905
0.153052 0.316219 0.118066
0.164744 0.321554 0.119583
0.177122 0.326605 0.122838
0.189319 0.331554 0.127327
0.201147 0.336469 0.132581
0.212620 0.341372 0.138326
0.223781 0.346270 0.144400
0.234683 0.351167 0.150712
0.245365 0.356062 0.157202
0.255861 0.360957 0.163828
0.266254 0.365846 0.170365
0.276638 0.370720 0.176604
0.287012 0.375582 0.182545
0.297380 0.380433 0.188175
0.307739 0.385278 0.193506
0.318088 0.390119 0.198539
0.328430 0.394959 0.203279
0.338764 0.399799 0.207730
0.349092 0.404640 0.211899
0.359416 0.409484 0.215794
0.369739 0.414332 0.219424
0.380063 0.419185 0.222799
0.390390 0.424041 0.225929
0.400722 0.428903 0.228825
0.411063 0.433770 0.231497
0.421414 0.438641 0.233957
0.431778 0.443518 0.236215
0.442155 0.448400 0.238282
0.452549 0.453286 0.240168
0.462962 0.458178 0.241877
0.473396 0.463074 0.243410
0.483851 0.467975 0.244787
0.494328 0.472882 0.246015
0.504833 0.477794 0.247079
0.515361 0.482711 0.248007
0.525918 0.487634 0.248792
0.536503 0.492562 0.249438
0.547117 0.497497 0.249954
0.557764 0.502437 0.250332
0.568440 0.507385 0.250586
0.579152 0.512338 0.250708
0.589898 0.517299 0.250702
0.600678 0.522266 0.250576
0.611498 0.527241 0.250312
0.622353 0.532223 0.249931
0.633268 0.537205 0.249403
0.644249 0.542177 0.248839
0.655324 0.547128 0.248215
0.666466 0.552068 0.247596
0.677704 0.556985 0.246951
0.689038 0.561876 0.246304
0.700471 0.566740 0.245699
0.712013 0.571569 0.245187
0.723693 0.576344 0.244836
0.735517 0.581050 0.244916
0.747526 0.585630 0.246201
0.757750 0.590850 0.254791
0.763582 0.598154 0.269506
0.768501 0.605966 0.284134
0.773107 0.613968 0.298553
0.777565 0.622075 0.312774
0.781922 0.630259 0.326860
0.786205 0.638505 0.340848
0.790443 0.646800 0.354744
0.794657 0.655133 0.368546
0.798834 0.663510 0.382316
0.803009 0.671916 0.396012
0.807153 0.680364 0.409705
0.811304 0.688839 0.423346
0.815460 0.697342 0.436954
0.819606 0.705880 0.450567
0.823757 0.714448 0.464169
0.827920 0.723044 0.477760
0.832091 0.731670 0.491355
0.836253 0.740332 0.505012
0.840445 0.749016 0.518680
0.844665 0.757725 0.532363
0.848918 0.766457 0.546062
0.853212 0.775212 0.559766
0.857544 0.783992 0.573488
0.861915 0.792797 0.587231
0.866325 0.801629 0.600999
0.870782 0.810486 0.614785
0.875293 0.819368 0.628582
0.879850 0.828277 0.642411
0.884460 0.837214 0.656261
0.889132 0.846177 0.670127
0.893856 0.855169 0.684031
0.898654 0.864185 0.697937
0.903510 0.873232 0.711886
0.908445 0.882305 0.725843
0.913453 0.891406 0.739827
0.918535 0.900536 0.753841
0.923702 0.909694 0.767876
0.928960 0.918879 0.781926
0.934312 0.928091 0.795994
0.939765 0.937330 0.810076
0.945319 0.946597 0.824179
0.950980 0.955892 0.838298
0.956756 0.965214 0.852428
0.962652 0.974564 0.866567
0.968665 0.983942 0.880726
0.974789 0.993352 0.894923
