0.912825 0.963905 0.672349
0.910554 0.959287 0.666391
0.908286 0.954681 0.660469
0.906045 0.950078 0.654554
0.903815 0.945485 0.648665
0.901604 0.940898 0.642792
0.899410 0.936318 0.636938
0.897228 0.931746 0.631108
0.895070 0.927178 0.625289
0.892917 0.922620 0.619501
0.890792 0.918065 0.613720
0.888669 0.913521 0.607975
0.886576 0.908978 0.602233
0.884482 0.904447 0.596531
0.882420 0.899917 0.590831
0.880354 0.895398 0.585172
0.878321 0.890879 0.579515
0.876284 0.886372 0.573899
0.874277 0.881866 0.568288
0.872268 0.877370 0.562717
0.870287 0.872876 0.557153
0.868305 0.868391 0.551628
0.866348 0.863908 0.546114
0.864393 0.859434 0.540634
0.862457 0.854963 0.535173
0.860528 0.850499 0.529741
0.858612 0.846040 0.524334
0.856708 0.841586 0.518951
0.854810 0.837138 0.513602
0.852931 0.832693 0.508270
0.851051 0.828257 0.502977
0.849192 0.823822 0.497701
0.847335 0.819394 0.492461
0.845489 0.814971 0.487249
0.843655 0.810552 0.482065
0.841820 0.806141 0.476920
0.840005 0.801730 0.471794
0.838191 0.797328 0.466708
0.836383 0.792930 0.461654
0.834588 0.788535 0.456629
0.832792 0.784147 0.451645
0.831006 0.779763 0.446691
0.829228 0.775383 0.441773
0.827448 0.771011 0.436896
0.825679 0.766641 0.432051
0.823914 0.762276 0.427245
0.822148 0.757918 0.422482
0.820388 0.753564 0.417757
0.818634 0.749214 0.413071
0.816877 0.744870 0.408429
0.815121 0.740533 0.403833
0.813373 0.736198 0.399275
0.811623 0.731870 0.394764
0.809869 0.727548 0.390302
0.808116 0.723232 0.385887
0.806366 0.718920 0.381517
0.804613 0.714614 0.377198
0.802855 0.710316 0.372932
0.801092 0.706024 0.368718
0.799330 0.701736 0.364555
0.797563 0.697456 0.360446
0.795791 0.693182 0.356394
0.794011 0.688916 0.352400
0.792224 0.684658 0.348464
0.790429 0.680407 0.344587
0.788630 0.676162 0.340770
0.786821 0.671926 0.337015
0.785002 0.667698 0.333324
0.783171 0.663479 0.329697
0.781329 0.659269 0.326136
0.779475 0.655069 0.322642
0.777608 0.650878 0.319216
0.775726 0.646697 0.315859
0.773830 0.642526 0.312571
0.771919 0.638366 0.309355
0.769992 0.634217 0.306210
0.768048 0.630080 0.303138
0.766085 0.625954 0.300139
0.764104 0.621841 0.297214
0.762102 0.617741 0.294364
0.760081 0.613654 0.291589
0.758038 0.609581 0.288889
0.755973 0.605521 0.286264
0.753885 0.601477 0.283716
0.751774 0.597447 0.281243
0.749639 0.593433 0.278846
0.747479 0.589434 0.276524
0.745294 0.585452 0.274278
0.743083 0.581486 0.272106
0.740846 0.577537 0.270008
0.738582 0.573606 0.267984
0.736291 0.569692 0.266032
0.733972 0.565797 0.264152
0.731625 0.561920 0.262343
0.729249 0.558061 0.260604
0.726845 0.554222 0.258932
0.724412 0.550402 0.257329
0.721950 0.546602 0.255791
0.719459 0.542821 0.254318
0.716939 0.539061 0.252908
0.714389 0.535320 0.251559
0.711810 0.531601 0.250270
0.709201 0.527902 0.249040
0.706563 0.524223 0.247866
0.703896 0.520566 0.246747
0.701199 0.516929 0.245681
0.698473 0.513314 0.244667
0.695718 0.509720 0.243703
0.692934 0.506148 0.242786
0.690122 0.502596 0.241916
0.687280 0.499067 0.241091
0.684411 0.495558 0.240308
0.681513 0.492071 0.239566
0.678587 0.488606 0.238863
0.675633 0.485162 0.238198
0.672652 0.481740 0.237570
0.669644 0.478339 0.236975
0.666608 0.474960 0.236413
0.663546 0.471602 0.235882
0.660457 0.468266 0.235381
0.657342 0.464951 0.234907
0.654202 0.461657 0.234460
0.651035 0.458385 0.234038
0.647843 0.455133 0.233639
0.644626 0.451903 0.233262
0.641384 0.448694 0.232906
0.638117 0.445506 0.232568
0.634827 0.442339 0.232249
0.631512 0.439193 0.231946
0.628173 0.436067 0.231658
0.624811 0.432962 0.231384
0.621426 0.429877 0.231122
0.618017 0.426813 0.230872
0.614587 0.423769 0.230631
0.611133 0.420745 0.230400
0.607658 0.417741 0.230176
0.604161 0.414757 0.229959
0.600643 0.411793 0.229747
0.597103 0.408848 0.229539
0.593543 0.405923 0.229335
0.589962 0.403017 0.229133
0.586360 0.400130 0.228931
0.582739 0.397261 0.228730
0.579099 0.394412 0.228528
0.575439 0.391581 0.228323
0.571760 0.388768 0.228116
0.568062 0.385974 0.227904
0.564347 0.383197 0.227688
0.560614 0.380438 0.227466
0.556863 0.377696 0.227236
0.553095 0.374972 0.227000
0.549310 0.372264 0.226754
0.545509 0.369573 0.226500
0.541693 0.366898 0.226235
0.537861 0.364239 0.225959
0.534014 0.361596 0.225671
0.530152 0.358968 0.225371
0.526276 0.356355 0.225058
0.522387 0.353757 0.224730
0.518484 0.351174 0.224388
0.514569 0.348604 0.224031
0.510641 0.346048 0.223658
0.506702 0.343505 0.223268
0.502751 0.340976 0.222862
0.498790 0.338459 0.222438
0.494818 0.335954 0.221996
0.490836 0.333461 0.221536
0.486845 0.330979 0.221057
0.482845 0.328509 0.220558
0.478837 0.326049 0.220040
0.474821 0.323599 0.219503
0.470797 0.321159 0.218945
0.466766 0.318729 0.218367
0.462729 0.316308 0.217768
0.458686 0.313895 0.217148
0.454637 0.311491 0.216508
0.450583 0.309095 0.215847
0.446525 0.306706 0.215163
0.442462 0.304324 0.214459
0.438396 0.301949 0.213734
0.434326 0.299581 0.212987
0.430253 0.297219 0.212219
0.426177 0.294862 0.211429
0.422099 0.292510 0.210618
0.418019 0.290164 0.209786
0.413937 0.287822 0.208933
0.409855 0.285485 0.208059
0.405771 0.283151 0.207164
0.401687 0.280821 0.206247
0.397603 0.278494 0.205310
0.393518 0.276171 0.204353
0.389434 0.273850 0.203375
0.385350 0.271531 0.202377
0.381268 0.269215 0.201359
0.377186 0.266900 0.200320
0.373105 0.264587 0.199263
0.369026 0.262275 0.198185
0.364949 0.259964 0.197089
0.360873 0.257653 0.195974
0.356800 0.255343 0.194839
0.352729 0.253033 0.193686
0.348660 0.250724 0.192514
0.344594 0.248413 0.191324
0.340531 0.246103 0.190116
0.336470 0.243791 0.188890
0.332412 0.241478 0.187647
0.328358 0.239164 0.186386
0.324306 0.236849 0.185109
0.320258 0.234532 0.183814
0.316213 0.232213 0.182502
0.312171 0.229892 0.181174
0.308134 0.227568 0.179829
0.304099 0.225242 0.178468
0.300069 0.222913 0.177091
0.296042 0.220581 0.175698
0.292018 0.218246 0.174290
0.287999 0.215907 0.172866
0.283983 0.213565 0.171427
0.279971 0.211219 0.169972
0.275963 0.208869 0.168503
0.271958 0.206514 0.167019
0.267958 0.204156 0.165520
0.263961 0.201792 0.164006
0.259968 0.199424 0.162478
0.255980 0.197051 0.160935
0.251994 0.194672 0.159379
0.248013 0.192289 0.157808
0.244035 0.189899 0.156223
0.240062 0.187503 0.154624
0.236092 0.185102 0.153011
0.232125 0.182694 0.151384
0.228162 0.180280 0.149743
0.224203 0.177859 0.148089
0.220248 0.175431 0.146421
0.216296 0.172995 0.144739
0.212347 0.170553 0.143043
0.208402 0.168102 0.141334
0.204460 0.165644 0.139612
0.200521 0.163177 0.137875
0.196586 0.160703 0.136125
0.192653 0.158219 0.134361
0.188724 0.155726 0.132583
0.184798 0.153225 0.130792
0.180874 0.150713 0.128986
0.176954 0.148192 0.127167
0.173036 0.145661 0.125333
0.169121 0.143119 0.123486
0.165208 0.140567 0.121623
0.161298 0.138003 0.119747
0.157390 0.135428 0.117856
0.153485 0.132840 0.115950
0.149582 0.130241 0.114029
0.145681 0.127629 0.112093
0.141782 0.125004 0.110142
0.137886 0.122365 0.108175
0.133992 0.119711 0.106193
