0.885750 0.850009 0.887974
0.881722 0.851276 0.886381
0.877249 0.851870 0.884341
0.872331 0.851802 0.881897
0.866960 0.851090 0.879098
0.861102 0.849768 0.875992
0.854726 0.847875 0.872628
0.847807 0.845455 0.869040
0.840304 0.842561 0.865251
0.832227 0.839235 0.861276
0.823574 0.835525 0.857132
0.814390 0.831466 0.852838
0.804692 0.827098 0.848424
0.794543 0.822451 0.843922
0.783991 0.817554 0.839367
0.773084 0.812435 0.834802
0.761869 0.807119 0.830266
0.750403 0.801627 0.825797
0.738738 0.795977 0.821429
0.726922 0.790185 0.817192
0.715004 0.784265 0.813111
0.703030 0.778229 0.809206
0.691046 0.772086 0.805488
0.679096 0.765845 0.801965
0.667215 0.759511 0.798637
0.655437 0.753092 0.795503
0.643791 0.746592 0.792557
0.632303 0.740017 0.789789
0.620992 0.733369 0.787190
0.609875 0.726654 0.784748
0.598967 0.719874 0.782453
0.588276 0.713032 0.780291
0.577812 0.706131 0.778253
0.572667 0.702659 0.777277
0.557589 0.692159 0.774504
0.547841 0.685091 0.772774
0.538340 0.677971 0.771127
0.533684 0.674391 0.770333
0.520096 0.663574 0.768051
0.511360 0.656299 0.766607
0.502885 0.648972 0.765214
0.498747 0.645290 0.764536
0.486736 0.634166 0.762558
0.479068 0.626687 0.761280
0.471676 0.619155 0.760027
0.468085 0.615370 0.759408
0.457734 0.603936 0.757569
0.451189 0.596248 0.756351
0.444932 0.588506 0.755131
0.441913 0.584614 0.754518
0.433290 0.572859 0.752659
0.427907 0.564954 0.751394
0.422815 0.556994 0.750101
0.420378 0.552993 0.749441
0.413502 0.540906 0.747401
0.409277 0.532777 0.745980
0.405333 0.524592 0.744504
0.403466 0.520478 0.743742
0.398272 0.508052 0.741355
0.395141 0.499696 0.739668
0.392265 0.491283 0.737898
0.390920 0.487055 0.736980
0.387243 0.474286 0.734080
0.385076 0.465703 0.732019
0.383122 0.457063 0.729846
0.381369 0.448367 0.727557
0.380564 0.443998 0.726366
0.378414 0.430809 0.722599
0.377184 0.421947 0.719918
0.376100 0.413031 0.717094
0.375148 0.404061 0.714119
0.374313 0.395039 0.710988
0.373581 0.385965 0.707693
0.372936 0.376840 0.704228
0.372642 0.372258 0.702429
0.371851 0.358441 0.696757
0.371381 0.349171 0.692737
0.370942 0.339856 0.688517
0.370517 0.330497 0.684089
0.370095 0.321098 0.679444
0.369660 0.311661 0.674573
0.369198 0.302189 0.669468
0.368954 0.297442 0.666823
0.368141 0.283159 0.658509
0.367517 0.273611 0.652634
0.366811 0.264049 0.646480
0.366009 0.254480 0.640034
0.365096 0.244915 0.633282
0.364057 0.235365 0.626210
0.362876 0.225841 0.618804
0.362228 0.221095 0.614971
0.360027 0.206941 0.602928
0.358325 0.197603 0.594428
0.356414 0.188371 0.585532
0.354275 0.179274 0.576228
0.351892 0.170343 0.566503
0.349245 0.161615 0.556348
0.346315 0.153128 0.545760
0.344739 0.148988 0.540302
0.339542 0.137048 0.523288
0.335670 0.129541 0.511428
0.331462 0.122442 0.499183
0.326914 0.115787 0.486586
0.322029 0.109601 0.473685
0.316816 0.103899 0.460534
0.311294 0.098685 0.447193
0.308424 0.096259 0.440472
0.299425 0.089682 0.420216
0.293146 0.085851 0.406722
0.286692 0.082430 0.393312
0.280106 0.079390 0.380050
0.273437 0.076703 0.366996
0.266732 0.074344 0.354203
0.260039 0.072295 0.341718
0.256712 0.071380 0.335606
0.246882 0.069054 0.317870
0.240508 0.067857 0.306571
0.234331 0.066936 0.295740
0.228392 0.066290 0.285411
0.222727 0.065934 0.275597
0.217378 0.065860 0.266342
0.212374 0.066085 0.257652
0.210012 0.066309 0.253529
0.203520 0.067444 0.242056
0.199716 0.068593 0.235171
0.196083 0.070321 0.228747
0.191994 0.073183 0.222434
0.187392 0.077102 0.216189
0.187745 0.077252 0.213874
0.193155 0.073607 0.215424
0.198193 0.070975 0.216910
0.202904 0.069435 0.218332
0.205317 0.068920 0.219115
0.213331 0.067830 0.222070
0.219305 0.067466 0.224510
0.225754 0.067382 0.227290
0.232663 0.067557 0.230376
0.239996 0.067985 0.233734
0.247721 0.068653 0.237329
0.255821 0.069532 0.241122
0.264255 0.070617 0.245078
0.272997 0.071884 0.249158
0.282017 0.073316 0.253328
0.291285 0.074899 0.257551
0.300773 0.076618 0.261793
0.310455 0.078457 0.266020
0.320300 0.080413 0.270203
0.330292 0.082468 0.274309
0.335334 0.083532 0.276325
0.350607 0.086876 0.282188
0.360888 0.089227 0.285911
0.371225 0.091680 0.289459
0.381602 0.094239 0.292811
0.391999 0.096916 0.295952
0.402397 0.099723 0.298867
0.412780 0.102673 0.301542
0.423132 0.105781 0.303968
0.433436 0.109064 0.306138
0.443674 0.112539 0.308050
0.453830 0.116222 0.309704
0.463891 0.120126 0.311103
0.473841 0.124264 0.312255
0.483666 0.128647 0.313172
0.493355 0.133281 0.313866
0.498144 0.135694 0.314135
0.512278 0.143317 0.314663
0.521497 0.148715 0.314808
0.530544 0.154362 0.314813
0.539417 0.160248 0.314703
0.548114 0.166363 0.314501
0.556632 0.172697 0.314230
0.564973 0.179237 0.313914
0.573138 0.185970 0.313571
0.581129 0.192885 0.313224
0.588949 0.199970 0.312889
0.596599 0.207213 0.312585
0.604084 0.214603 0.312327
0.611406 0.222131 0.312129
0.618569 0.229788 0.312005
0.625574 0.237565 0.311967
0.629019 0.241497 0.311984
0.639124 0.253454 0.312197
0.645673 0.261552 0.312487
0.652074 0.269747 0.312906
0.658328 0.278032 0.313464
0.664436 0.286405 0.314172
0.670400 0.294861 0.315038
0.676219 0.303398 0.316072
0.681895 0.312011 0.317284
0.687427 0.320700 0.318681
0.692815 0.329460 0.320275
0.698061 0.338290 0.322075
0.703162 0.347187 0.324089
0.708121 0.356150 0.326329
0.712935 0.365176 0.328803
0.717604 0.374263 0.331521
0.719885 0.378828 0.332976
0.726511 0.392611 0.337733
0.730748 0.401869 0.341245
0.734841 0.411178 0.345042
0.738791 0.420537 0.349133
0.742599 0.429943 0.353527
0.746266 0.439392 0.358234
0.749794 0.448883 0.363263
0.753186 0.458412 0.368622
0.756443 0.467975 0.374319
0.759571 0.477569 0.380361
0.762573 0.487189 0.386753
0.765455 0.496832 0.393503
0.768222 0.506494 0.400613
0.770881 0.516169 0.408087
0.773440 0.525853 0.415927
0.774685 0.530697 0.419984
0.778293 0.545231 0.432707
0.780608 0.554913 0.441643
0.782862 0.564585 0.450940
0.785068 0.574242 0.460591
0.787239 0.583877 0.470590
0.789387 0.593488 0.480929
0.791528 0.603067 0.491597
0.793676 0.612610 0.502582
0.795843 0.622114 0.513871
0.798044 0.631573 0.525451
0.800294 0.640982 0.537305
0.802605 0.650338 0.549417
0.804991 0.659635 0.561767
0.807461 0.668870 0.574337
0.810028 0.678037 0.587106
0.811350 0.682593 0.593558
0.815481 0.696145 0.613152
0.818379 0.705074 0.626382
0.821395 0.713911 0.639718
0.824527 0.722646 0.653131
0.827772 0.731270 0.666596
0.831122 0.739772 0.680081
0.834566 0.748138 0.693557
0.838091 0.756353 0.706986
0.841678 0.764401 0.720333
0.845298 0.772263 0.733564
0.848922 0.779920 0.746637
0.852519 0.787349 0.759499
0.856040 0.794530 0.772106
0.859435 0.801439 0.784398
0.862656 0.808055 0.796283
0.864183 0.811246 0.802046
0.868400 0.820309 0.818416
0.870938 0.825869 0.828385
0.873352 0.830967 0.837489
0.875715 0.835530 0.845755
0.878023 0.839502 0.853306
0.880193 0.842852 0.860274
0.882115 0.845570 0.866738
0.883691 0.847649 0.872741
0.884851 0.849084 0.878282
0.885547 0.849872 0.883362
0.885712 0.850022 0.885725
